1267.0857  1711.2076  1936.8217  1903.3804  1964.9716  2205.2202  2527.8657  2624.0193  2524.0447  2490.662  
1062.3583  1678.8732  1873.3809  2005.2738  2074.257  2053.6855  2065.7515  2116.4873  2079.7146  2083.0088  
1413.3622  1787.0308  1792.7867  1688.5364  1798.2338  1904.6774  1997.497  2071.7454  2071.8162  2176.6914  
1081.9436  1658.6447  1830.3278  1772.147  1756.032  1831.0292  1867.9514  1962.0284  1978.4587  2029.8298  
1158.4518  1622.5322  1686.6805  1705.1198  1683.3602  1763.1998  1815.7338  1843.6276  1839.077  1891.7076  
1196.1017  1793.0905  1981.6573  2060.9114  2275.945  2239.9448  2383.6897  2555.5945  2414.365  2315.732  
999.6284  1599.0728  1733.4803  1690.1348  1754.6335  1822.2836  2017.8958  2082.2634  2137.7363  2263.9321  
1326.746  1993.9928  2128.7715  2161.5442  2316.8208  2220.6106  2135.1838  2251.833  2276.6248  2208.1777  
1245.0286  1704.0186  1870.601  2025.9652  2125.185  2185.3955  2334.1953  2299.93  2266.378  2291.5103  
1093.1687  1585.0074  1699.0448  1750.0208  1837.9436  1904.0422  1958.4941  2020.8586  2066.3245  2246.1636  
1089.3223  1586.2429  1741.4615  1878.5884  1936.5562  1947.0072  1839.8597  1888.962  1930.3615  1918.3104  
1103.0663  1653.2347  1764.5826  1802.9324  1913.6165  1901.5856  1943.9355  2119.4702  1961.3408  1984.94  
1217.0867  1669.409  1804.3484  1775.0834  1899.0084  2060.2944  2003.9016  1985.3534  2090.0474  2050.6436  
1225.2478  2063.619  2574.9917  2490.5342  2514.7366  2311.7637  2121.3865  2248.7224  2233.7961  2191.2402  
1119.5546  1653.4672  1840.4727  1793.971  1786.2482  1822.5157  1850.5208  1894.251  1936.8813  2024.432  
1130.2338  1868.8372  2093.1199  2142.7632  2266.9624  2271.4817  2120.5225  2026.8998  1973.0394  2003.6696  
1084.0485  1687.6031  1832.1729  1885.8907  1964.3243  2001.8436  1989.8289  2014.4688  2020.6526  2014.54  
1162.9669  1773.8785  1810.1642  1736.755  1722.1036  1803.5504  1931.9922  1961.367  1984.0623  2059.446  
1318.2933  1718.7474  2013.4548  2145.462  2178.6987  2275.1853  2182.529  2185.0615  2278.2083  2250.1282  
1047.9385  1634.6277  1740.1658  1694.4565  1762.8427  1900.2806  1950.4152  1943.5786  1930.9724  1995.0786  
1356.5125  1680.9402  1765.0157  1782.7736  1859.6158  2055.732  1957.2726  1868.331  1928.5194  2004.4731  
1362.8253  1828.2823  1937.8384  2049.7024  2289.0044  2274.517  2226.4211  2231.9238  2293.384  2283.677  
1283.4349  1838.938  1820.0352  1724.9974  1762.5422  1836.9922  1926.4934  2024.7653  2062.8408  2138.988  
1074.8599  1605.6318  1927.9117  1815.8838  1720.2518  1751.2966  1795.8936  1902.5927  1912.0854  2007.5028  
1177.0686  1760.1823  1876.8951  2000.0386  2049.5889  2037.6488  2025.745  2055.0999  2086.4854  2270.0364  
1371.6632  1885.6772  1945.6652  2053.871  2022.3177  1900.4526  1867.886  1988.9084  2064.1501  2138.4775  
1222.4016  1654.8385  1771.5972  1836.5546  1825.2928  1896.9167  1961.9752  1977.4858  2064.5068  2139.522  
1014.5436  1600.0603  1714.0844  1718.2137  1788.6226  1840.2786  1855.556  1910.1636  2047.9392  2093.3071  
1055.971  1815.211  1958.733  1914.8158  1959.1779  2077.3735  2143.7363  2187.1472  2300.8464  2248.077  
1161.7693  1624.0099  1771.847  1784.868  1890.7402  1926.3516  1952.3625  1988.2762  1978.0295  2049.117  
