337.7025  1509.6377  1795.5894  1801.7932  2026.5482  2054.874  1988.8472  2156.5583  2136.8186  2244.61  
322.7131  1528.7415  1744.9427  1784.2286  1949.4498  2015.93  2073.4888  2100.5059  2187.8555  2254.5344  
290.2644  1586.9543  1815.4564  1865.1664  2069.9666  2109.507  2086.7175  2190.1313  2222.7214  2314.851  
310.611  1527.3817  1746.9282  1764.4762  1980.8304  2070.729  2038.5905  2186.6648  2207.928  2293.7034  
364.7459  1658.2853  1891.226  1908.5354  1957.4238  2044.0104  2048.619  2131.9888  2200.0276  2286.5037  
353.6892  1533.4547  1729.1362  1825.0624  2004.3206  2006.8284  2077.488  2216.8767  2250.3833  2315.8862  
194.0247  1576.194  1864.5298  1879.677  2042.6704  2202.822  2205.9524  2276.8164  2318.75  2388.2788  
407.4914  1538.0366  1732.4476  1783.6964  1895.872  1999.028  1975.16  2102.7168  2184.1414  2274.7144  
190.7859  1601.4531  1756.03  1838.7177  2009.6259  2002.6218  2062.6572  2155.486  2203.4355  2321.204  
256.442  1588.4457  1882.4044  1917.9136  2057.546  2093.1353  2101.0972  2163.6638  2236.2278  2336.6982  
264.4242  1506.1539  1710.558  1722.2618  1927.9604  1980.4156  2062.0315  2141.9224  2148.9395  2254.8042  
316.8284  1582.8073  1958.3813  2083.6233  2154.6956  2258.8132  2234.9414  2307.7185  2342.9304  2379.0012  
296.043  1494.1868  1699.5388  1723.1956  1925.7137  2037.5931  1984.7852  2183.608  2139.8457  2174.3494  
324.7086  1635.1136  1888.2286  1890.8597  2075.4504  2232.0461  2283.8643  2256.944  2305.5876  2406.1355  
323.0777  1490.6476  1734.4  1781.1954  1933.746  1954.8914  1995.4432  2154.2366  2210.1833  2275.2766  
277.0106  1555.6918  1737.853  1769.9257  1967.1038  2041.6792  2126.3674  2269.6177  2279.361  2320.3652  
375.8728  1594.2007  1823.559  1835.1752  2110.2598  2093.5303  2088.0566  2217.1406  2261.1863  2343.1765  
308.9936  1568.7795  1889.2708  1903.9672  2013.1876  1999.3278  2093.6472  2214.9292  2282.708  2368.0923  
350.4586  1524.5623  1757.2087  1799.8691  1948.1328  1987.1958  2134.2827  2130.8313  2158.8184  2255.003  
271.8311  1552.049  1800.1663  1826.2778  1964.0566  2011.3236  2053.1274  2237.3079  2250.251  2337.4065  
207.4983  1554.7579  1824.5568  1862.605  1967.6262  2068.8665  2128.91  2226.3132  2304.0776  2351.0745  
274.7421  1528.2247  1799.3522  1826.174  1985.543  2070.014  2114.0857  2173.9348  2247.6858  2336.909  
285.5195  1568.7578  1812.5312  1816.3024  2001.934  2108.4324  2152.4602  2304.1787  2344.3555  2401.2065  
318.3764  1505.197  1709.5166  1786.4746  1911.9612  1962.6218  1993.5793  2138.4502  2220.3877  2278.0278  
283.9837  1507.6665  1714.4354  1756.1848  1905.5522  1994.706  1992.324  2119.2073  2143.1104  2210.5415  
335.8788  1548.8296  1745.284  1840.1434  1926.3572  2037.5624  2037.8182  2112.846  2233.7715  2364.601  
294.8228  1596.6251  1869.3044  1936.4152  2083.821  2131.41  2181.2524  2326.8015  2410.877  2467.6145  
306.4872  1575.0963  1797.007  1829.9298  2042.2346  2117.0261  2153.0737  2217.3909  2265.6462  2315.444  
290.9944  1536.4197  1783.868  1826.7296  1968.827  2048.097  2088.388  2217.4092  2309.0813  2395.9766  
337.7774  1571.0736  1775.7004  1795.072  1948.2148  2034.7844  2087.0422  2178.9827  2187.875  2262.7324  
