979.6373  1801.5295  2017.0646  1988.7819  1972.0084  1982.6948  1994.4678  1994.0251  1998.7104  2073.294  
1076.8044  1774.9944  1901.88  1928.0367  1935.1268  1990.5084  2071.3855  2087.8936  2084.4463  2176.9377  
1007.2222  1780.9893  1957.1704  1935.623  1928.257  1978.938  1955.3772  1997.8564  2068.614  2127.4592  
951.8736  1765.8136  1928.672  1917.1682  1922.7196  1968.982  2032.4814  2039.0378  2039.2666  2106.9324  
939.9318  1751.7913  1836.2458  1820.952  1853.6788  1892.2238  1952.477  2085.6838  2104.1016  2253.4187  
1064.6143  1717.8792  1845.1752  1877.744  1888.3802  1956.3578  1959.4283  1995.3276  2024.5348  2095.5723  
1045.8573  1743.6528  1878.4768  1858.5142  1898.7062  1930.8726  1959.3156  1970.0756  2002.177  2099.3298  
969.7648  1767.9186  1832.918  1838.9366  1889.3156  1923.5612  1941.3556  2036.6478  2003.5314  2040.7328  
989.6993  1792.3502  1902.9824  1892.7152  1956.814  1968.48  1958.9764  2037.3636  2067.286  2132.003  
1009.28  1761.9874  1829.4724  1854.1998  1909.5266  1970.667  2057.8464  2347.035  2134.59  2293.5447  
1106.2483  1788.3234  1970.5496  1903.1884  1886.5905  1937.1237  1946.4844  2007.2802  2124.1187  2187.0144  
1044.654  1832.2156  1896.8732  1851.5054  2019.469  2131.989  2094.7354  2121.8257  2119.3555  2164.5632  
958.7602  1710.3752  1796.9766  1839.9714  1872.1034  2009.4655  1945.9624  1955.6882  2007.5502  2080.0886  
990.1079  1804.0936  1873.0538  1802.4708  1847.1184  1857.7864  1908.0627  1999.8218  2024.2344  2112.1501  
945.7082  1861.0052  1958.247  1897.431  1934.4185  2048.0432  2016.8092  2006.1396  2031.2524  2150.8677  
1124.4869  1789.7468  1914.712  1880.5782  1888.0402  1885.3934  1912.4592  1998.5793  2012.345  2095.911  
985.0236  1764.9458  1913.0868  1918.5721  1942.0568  1948.783  2066.752  2089.6733  2055.2324  2157.668  
979.8595  1724.8424  1890.0042  1885.915  1914.8922  1966.9257  1994.3352  2052.1748  2091.761  2207.1316  
960.1903  1763.5522  1861.499  1894.9896  1911.1115  1888.5894  1934.0682  1944.6294  1954.3024  2074.428  
991.3859  1760.7675  1883.7343  1989.7603  1932.8514  2008.0254  2032.3448  2045.3326  2086.491  2148.4448  
957.0267  1738.9406  1886.7296  1931.3606  1914.4686  1937.4648  1993.4962  2010.3678  2014.4186  2143.7048  
943.8134  1763.0142  1902.3759  1824.4211  1845.261  1915.2006  1980.389  1983.8846  2008.2656  2103.7554  
966.321  1795.6774  1890.3354  1855.001  1881.9448  1925.6805  1993.9941  2015.2642  2006.478  2103.5215  
1103.8756  1740.0066  1878.7358  1918.9045  1882.1578  1965.4224  2042.0942  2045.2814  2066.5896  2185.8787  
1005.6622  1785.6364  1907.705  1955.8293  2081.353  2228.9243  2053.6333  2060.5442  2112.1265  2190.8374  
995.9766  1756.299  1867.409  1844.9  1863.2234  1866.3342  1892.2983  1972.107  2051.9739  2147.766  
1044.5848  1789.8356  1893.5269  2000.9594  1951.5656  2001.4824  2079.3757  2087.297  2061.0125  2213.403  
1004.6042  1906.9261  1904.767  1873.711  1926.8778  2002.9069  2043.7874  2041.8844  2047.7128  2144.7827  
966.5146  1751.3556  1916.4476  1910.7552  1934.2476  1967.4825  1954.346  1963.4618  1985.1588  2082.9055  
1019.7307  1757.6364  1879.778  1885.0504  1910.1215  1969.1376  2038.1976  2056.3503  2056.3442  2230.1416  
