1198.5276  1399.2775  1504.9669  1768.1058  1997.663  2180.936  2625.523  2656.01  2426.4607  2304.392  
1077.9106  1468.1956  1686.5664  1812.5116  1825.2042  1895.3152  2013.7603  2001.6112  1988.0808  1851.4442  
1151.5029  1432.0078  1647.3403  1723.6644  1850.834  1938.561  2007.6658  2052.3042  2066.1536  2038.0638  
1119.8301  1471.9875  1836.1194  2045.2562  2146.3037  2308.618  2401.2866  2397.2056  2224.5142  2145.6704  
994.0583  1287.85  1510.2397  1590.0867  1551.5782  1649.997  1693.3342  1794.3984  1840.329  1864.6248  
1034.6888  1249.329  1392.0156  1461.4888  1621.8187  1722.9543  1714.9456  1815.8597  1884.9146  1871.2606  
1227.0593  1411.1875  1561.8556  1708.8826  1869.2546  1807.1608  1761.5322  1732.4648  1686.6779  1759.7042  
1018.256  1280.4132  1454.2122  1604.2146  1680.6204  1723.4014  1841.7867  1934.495  1905.082  1781.5479  
876.2374  1303.0862  1447.7814  1547.0698  1680.268  1660.8539  1644.0778  1710.0726  1778.7742  1862.5667  
976.014  1430.6282  1619.323  1716.2212  1801.8534  1902.4716  1970.8822  1899.3746  1814.7635  1775.8408  
1020.1948  1301.545  1446.8688  1586.5364  1730.856  1744.2108  1890.8842  1872.5802  1813.5278  1876.8306  
1038.1407  1236.5181  1459.3414  1626.296  1710.1562  1700.952  1729.7762  1825.0948  1877.596  1935.3394  
1223.7611  1514.5789  1649.5378  1780.7719  1819.3698  1870.7076  1865.048  1822.6912  1748.3226  1721.7017  
1110.9321  1547.9502  1686.8124  1754.1888  1886.7598  1864.9624  1941.3566  1928.765  1799.5848  1806.1  
1056.3322  1388.2368  1557.4244  1578.5692  1680.9674  1734.7108  1759.159  1872.4508  1925.5518  1930.0488  
1188.4882  1434.3551  1538.7183  1529.3286  1686.5927  1775.0792  1735.7625  1885.2979  1951.9382  1832.3804  
961.8754  1399.4374  1627.5208  1733.9158  1893.5385  1978.1263  1945.8738  2051.1147  2073.0713  1930.3928  
1047.3673  1556.7472  1777.7616  1619.7935  1701.348  1768.6827  1768.1375  1822.9802  1715.8898  1694.6945  
1094.7822  1324.3535  1811.9294  2140.8574  2173.5283  2248.451  2170.1238  1980.3026  2078.4888  1998.46  
1064.2703  1556.2268  1721.8822  1694.616  1741.398  1769.3826  1807.5364  1871.93  1845.9554  1860.3383  
1202.1886  1393.9905  1572.3125  1829.757  1935.5776  1887.6508  2029.1426  2179.869  2053.5745  2078.539  
1161.0366  1676.0599  1760.397  1863.7701  2024.897  1886.8624  1963.7452  2152.071  2002.5658  1954.2136  
1213.3353  1384.2765  1578.9708  1767.0876  1772.7816  1717.936  1783.6187  1817.0042  1755.2994  1691.8094  
1070.8822  1549.7274  1523.897  1630.7059  1787.8162  1875.1534  2064.4404  2135.1438  1994.8344  1819.3914  
1155.524  1429.212  1582.6532  1598.9619  1686.043  1714.3756  1705.2034  1740.4218  1798.534  1791.0092  
1038.7141  1430.3971  1778.47  1784.0834  1800.2906  1783.8512  1760.5154  1871.9847  1924.549  1986.0236  
874.5583  1258.601  1567.487  1707.1978  1757.6342  1759.5284  1846.8759  1825.1475  1727.0345  1755.7682  
1040.6969  1532.9218  1637.1198  1716.7706  1822.374  1846.9504  1867.9708  1997.1407  1879.222  1884.9292  
979.2396  1374.0098  1424.3187  1493.0679  1597.2229  1675.0618  1687.3477  1796.4592  1795.0774  1777.2906  
1263.0518  1365.0848  1508.4965  1664.1354  1900.929  1840.419  1845.1204  1966.9775  1928.5352  1804.2913  
