1023.6427  1222.2317  1369.2278  1465.0482  1673.7021  1733.5422  1848.7238  1976.4374  2001.1884  1873.1622  
1034.7506  1302.7695  1578.4197  1565.124  1672.2025  1820.5247  1825.4073  1887.9238  1922.41  1770.5806  
1004.1954  1340.534  1682.7675  1744.3802  1877.8214  1908.6296  2003.2137  2164.446  2163.9517  2002.9775  
928.1628  1208.4048  1533.4673  1637.6765  1778.5712  1816.6263  1786.3918  1797.9565  1741.6312  1645.4791  
879.9956  1295.2867  1563.1658  1573.6339  1632.0764  1707.4812  1769.5728  1895.8146  1912.345  1830.0514  
1063.512  1363.9158  1549.8995  1551.1625  1624.8477  1792.5184  1773.914  1902.7952  1961.997  1821.117  
917.549  1272.8967  1561.3783  1598.0577  1724.8112  1714.1334  1716.936  1787.952  1846.2156  1827.368  
936.4679  1435.2394  1711.9762  1879.2004  2030.8647  2011.2924  2057.051  2136.818  2160.823  2034.5292  
1018.4177  1213.9312  1482.5596  1578.041  1655.9296  1730.4875  1741.3792  1843.446  1882.7036  1782.9204  
1110.9802  1493.9181  1601.6199  1672.9825  1746.078  1750.7914  1746.746  1934.0922  1950.333  1910.0302  
1012.4313  1367.2858  1705.8298  1846.7028  1776.9338  1822.9796  1835.4655  1864.269  2019.979  1866.4655  
965.5228  1365.0747  1594.782  1656.9906  1808.1862  1813.9924  1931.4274  2029.9508  2075.2344  2036.6538  
967.6091  1341.4292  1604.7343  1616.0569  1742.0251  1785.0872  1855.6708  2087.035  2004.9696  2075.905  
988.4026  1351.4225  1597.6344  1636.2838  1766.3405  1827.1614  1928.567  2034.9808  1988.3026  1881.8588  
993.7328  1221.1483  1422.009  1549.2693  1582.2306  1609.3282  1635.441  1850.6025  1946.1248  1853.789  
985.6306  1251.037  1486.183  1524.9742  1590.9373  1508.5247  1696.1252  1810.1168  1853.2832  1806.0646  
1146.4662  1230.0759  1354.4304  1463.8347  1506.0848  1664.6543  1631.6713  1649.2759  1689.9098  1636.155  
965.4547  1277.7189  1423.4866  1489.0187  1632.1086  1678.2242  1734.5978  1965.3428  1974.9258  1986.2192  
875.8535  1252.0831  1540.1912  1587.7725  1690.5496  1774.4677  1817.201  1945.714  2015.3286  1889.6827  
1118.6583  1394.6096  1602.9667  1691.848  1649.4515  1760.7701  1823.075  1867.4073  1893.7957  1848.465  
954.8956  1192.0994  1416.9615  1511.3234  1608.447  1700.9749  1839.3538  1957.4678  1952.248  1949.758  
1044.5115  1419.1641  1680.1874  1675.8115  1878.8624  1893.0088  1984.1313  2069.665  2067.5034  1974.0308  
946.2644  1296.0848  1510.954  1576.501  1669.4507  1688.5154  1651.8997  1774.756  1848.2808  1726.392  
939.7977  1245.2515  1464.0453  1537.4115  1715.721  1857.5532  1754.4427  1862.625  1861.2098  1855.6008  
970.1695  1383.3481  1511.5933  1704.5232  1957.647  2058.9255  2017.6278  2129.5972  2071.459  1938.525  
944.3896  1299.4376  1501.5719  1602.1912  1752.3082  1752.026  1777.6642  1945.8438  1947.1945  1846.8516  
982.1768  1366.227  1601.8561  1628.8398  1812.7802  1882.2034  1859.7584  1959.8074  1993.1923  1981.418  
854.4281  1193.0358  1351.3046  1471.7429  1619.6023  1727.5552  1807.7468  1914.503  1947.9058  1965.2228  
1045.104  1386.7858  1515.6149  1661.4025  1750.9019  1842.9274  1829.6971  1877.827  1895.7474  1812.2466  
1082.4381  1389.194  1720.2104  1785.1492  1922.6112  2023.7284  1804.4608  1958.9038  2001.455  1842.9526  
1037.8011  1306.7483  1542.8346  1617.3438  1668.2325  1679.1342  1809.4844  1853.5968  1841.724  1778.93  
