495.5082  1231.6544  1460.05  1774.0802  1916.0468  1931.5952  2054.2935  1993.2864  1958.2318  1901.324  
451.4255  1565.7714  2074.9724  2062.491  2040.0808  2327.2473  2402.1665  2404.8806  2320.9685  2020.3906  
376.0152  1377.068  2059.132  2003.0344  2126.774  2284.0898  2156.05  2163.6616  1997.3082  1796.7048  
385.4277  1600.2295  2762.542  2758.8152  2663.9192  2440.8733  2218.3733  2378.2944  2393.6848  2105.8389  
317.2101  1474.792  1728.1002  1721.0013  2033.209  1892.4211  1789.4445  1972.045  2119.08  1985.3522  
291.6207  1400.6951  1864.5878  2174.9412  2052.1453  2312.544  2105.3718  2055.397  2290.883  1925.559  
273.3084  1337.2196  1860.7996  1851.0874  2059.6167  2153.7178  2383.6172  2277.5498  2164.985  1957.6918  
484.231  1481.6073  2111.2625  2250.729  2229.6355  2324.1802  2325.6648  2042.6667  2124.8713  2092.6516  
142.1059  1264.3612  1574.0736  1991.1454  2162.7185  1993.1448  2226.7021  2083.2246  1925.2744  2149.8037  
313.59  1661.6777  2197.4282  2500.2148  2570.7163  2355.1602  2232.7556  2242.1143  2297.3872  2256.4043  
367.969  1393.5253  1863.9012  1846.0406  2056.6206  2000.1644  1860.8688  1974.8396  2085.6272  1987.6886  
251.706  1170.0575  1628.8982  2131.3723  2366.097  2691.9092  2883.688  2386.187  2077.2817  1907.703  
293.41  1340.1166  1740.6971  1902.0338  2393.3037  2270.311  2033.9764  2060.074  2115.0186  1956.8715  
301.3295  1407.1932  1729.0212  2050.864  1943.9843  1966.1354  2168.3013  2149.2512  2134.964  1845.7968  
900.7993  1690.2506  2245.3005  2722.8694  2764.8257  2222.5813  2559.044  2365.562  2209.2085  2158.9802  
361.739  1174.1593  1810.6696  1943.1215  2033.4426  2118.0845  2106.5034  2122.0251  2015.2083  1820.7972  
380.1284  1171.4537  1647.9348  1890.8856  2562.0027  2777.082  2368.0935  1988.9994  1933.1685  1858.1158  
468.2924  1330.3079  1884.2966  2168.6938  2255.9697  2269.76  2468.686  2054.816  2269.8262  2030.9637  
381.3515  1304.3257  2014.521  1927.101  2097.5808  2365.9158  2080.777  2020.4991  2064.8215  1830.4358  
322.3968  1309.5397  1779.2222  2005.6562  2307.1306  2143.775  2172.4739  1917.614  1993.4368  2006.1678  
201.275  1375.0038  1706.041  1641.5542  1928.5122  1979.3898  2000.9154  1874.2504  1858.7966  1826.3982  
337.7599  1366.815  2333.9878  2298.259  2852.7927  3035.859  2443.7056  2385.2537  2687.2332  2299.4155  
477.1121  1579.55  2269.3594  2003.6215  2515.7363  3006.9377  2237.7827  2242.0356  2604.4924  2142.3315  
363.8444  1484.9551  1868.8964  1937.4862  2125.8816  2424.8918  2630.9666  2603.129  2575.926  2303.5994  
460.008  1220.3743  1863.6938  1942.8365  2120.1462  2382.542  2707.4622  2474.854  2565.2085  2388.8157  
400.8596  1158.8625  1526.9784  1733.5837  1909.0374  2062.4834  1991.6024  2008.8436  1960.3195  1848.155  
485.3691  1233.3818  1600.0771  1882.8564  2156.4172  2102.6194  2255.588  2116.9116  2310.5566  2179.8525  
413.0188  1361.357  1892.0448  2018.8224  2440.9724  2249.1943  2135.224  2147.529  2065.5515  1891.212  
271.1333  1345.9197  1684.7544  1850.6918  1954.374  1980.4728  1780.8691  1940.1736  1941.8387  1905.647  
319.0491  1252.8088  1920.3438  1928.117  2089.591  2109.5305  2321.7964  1860.496  1912.33  1888.4994  
