685.6614  988.9038  1105.9686  1106.8934  1310.6483  1356.2039  1294.5288  1549.3931  1557.8616  1439.6827  
648.1917  1119.7369  1292.3782  1165.604  1574.5466  1625.8649  1496.3451  1898.4838  1894.8322  1585.0966  
588.1393  906.2253  1121.6484  1151.8427  1269.7458  1372.1892  1315.519  1594.7803  1572.7819  1516.8223  
691.581  958.2667  1257.06  1219.737  1284.992  1465.0679  1533.4148  1625.3055  1965.7657  1807.4418  
660.2524  964.7924  1131.651  1166.6045  1381.4529  1372.8064  1354.6594  1658.8485  1732.7352  1573.3174  
804.0982  976.0757  1124.8582  1108.0747  1326.5928  1428.7311  1408.4819  1718.8994  1804.6252  1658.6564  
544.7388  1026.0883  1367.7551  1246.3914  1470.3455  1434.0803  1443.2373  1658.3436  1826.3494  1572.079  
669.6854  918.9648  1104.284  1114.3065  1403.2214  1409.5455  1309.7424  1730.8691  1772.321  1625.7972  
703.7898  1008.3712  1126.4575  1105.0793  1292.4266  1449.1255  1425.1372  1768.6158  1954.9156  1747.5106  
605.9826  1147.6149  1235.098  1432.0957  1893.3774  1924.7343  2078.4065  2525.309  2772.6963  2628.325  
543.1855  996.2389  1164.0205  1180.0276  1322.1237  1396.3672  1384.7642  1765.4534  1718.0273  1559.0497  
676.8684  1008.1506  1168.1805  1088.1393  1449.8436  1491.6798  1554.3109  1951.6758  1862.9984  1815.9548  
697.7585  1010.5114  1117.3174  1160.208  1393.9344  1436.5127  1407.1882  1725.9252  1698.5492  1649.9513  
685.3546  961.1262  1167.5819  1302.7183  1502.8081  1428.1176  1329.9415  1550.2284  1639.1729  1601.9362  
606.8588  1032.2747  1184.2861  1095.1952  1336.9218  1413.7578  1275.0659  1628.1608  1645.8839  1505.5214  
655.5606  996.5419  1166.4529  1127.5236  1449.6743  1394.8354  1412.2495  1782.676  1841.633  1795.9778  
677.1746  1039.259  1093.6656  1183.4985  1384.8318  1400.0813  1348.0338  1564.4923  1678.3844  1435.2983  
687.1333  1027.7642  1104.6326  1168.3057  1363.7709  1331.4465  1332.5596  1600.1042  1591.0989  1507.1516  
534.6354  1099.0902  1062.2401  1068.6522  1578.6035  1739.2194  1670.6416  2374.2595  2436.6577  1842.04  
554.378  932.601  1102.3663  1124.5475  1380.6833  1318.0999  1286.8566  1682.218  1564.1844  1490.4834  
611.5624  985.9891  1224.9935  1161.3347  1446.5172  1587.5789  1431.2766  1893.7844  1924.1108  1660.9172  
724.4234  1021.4501  1181.7278  1181.3114  1412.3619  1551.229  1450.3158  2090.897  2014.679  2150.1606  
665.7774  1047.3385  1219.0251  1145.4039  1396.7301  1466.7323  1335.348  1545.8226  1559.3899  1318.7019  
719.8296  880.626  1120.3722  1087.8138  1306.6948  1322.5667  1244.4604  1401.0427  1441.9081  1389.8961  
856.0159  1094.5184  1321.3003  1286.2836  1519.3198  1551.2272  1327.0148  1827.0786  1854.5492  1670.6846  
601.5952  977.3708  1180.4415  1148.0784  1421.5664  1492.9454  1412.7909  1722.1104  1716.7048  1657.1294  
669.346  1079.1696  1132.5511  1206.578  1475.0616  1465.8975  1375.834  1611.0687  1680.568  1543.0623  
609.3883  959.42  1083.5581  1098.6682  1358.1708  1434.0865  1325.9781  1648.7748  1603.2728  1626.5665  
781.935  1029.8629  1083.9861  1122.4952  1348.3481  1333.54  1352.8093  1597.8817  1594.8335  1457.8861  
684.0905  1102.3389  1197.2631  1225.8168  1371.3451  1483.5706  1434.9644  1608.6836  1686.6993  1519.5815  
