706.5343  1209.0342  1342.7012  1410.9043  1472.5192  1471.8838  1503.93  1473.0293  1514.9568  1567.6545  
737.2076  1188.708  1358.8304  1397.3132  1434.586  1473.9379  1475.2244  1467.7039  1486.1202  1549.8062  
804.279  1246.4913  1402.2245  1454.7194  1532.6505  1497.7441  1602.8512  1526.8632  1540.1431  1547.0952  
848.1765  1282.08  1390.5184  1477.2704  1464.735  1515.7203  1518.0892  1504.1686  1505.6649  1521.6436  
884.2749  1278.6765  1382.0215  1442.1343  1510.3397  1556.779  1573.9263  1577.3278  1579.5137  1623.1055  
905.5677  1266.3036  1392.6216  1424.8344  1524.3615  1510.1674  1518.7539  1490.4725  1484.5275  1540.4839  
724.2148  1221.7706  1349.4175  1396.964  1496.0905  1507.597  1526.891  1551.6272  1587.7971  1625.7878  
841.7017  1257.6102  1383.4594  1445.3607  1513.0391  1553.6545  1560.3771  1557.7769  1567.4944  1628.7548  
877.8496  1291.1477  1450.3641  1437.679  1512.8966  1521.5503  1543.57  1515.8314  1485.6848  1571.3947  
673.6306  1098.5511  1265.1647  1326.8298  1379.2483  1386.5219  1410.7235  1378.5326  1404.1586  1415.0585  
698.7989  1224.2944  1328.0939  1412.7892  1471.3734  1526.3114  1531.3489  1504.6521  1535.1035  1548.4427  
754.7757  1165.457  1332.2822  1455.9628  1471.1954  1520.0271  1544.8905  1459.2113  1465.589  1489.131  
701.9138  1230.6488  1308.094  1410.4249  1449.4333  1479.8595  1475.7678  1489.1799  1483.5657  1539.9159  
783.6706  1313.3888  1346.1425  1413.549  1493.7993  1584.8301  1554.1854  1619.1777  1538.3667  1612.457  
853.7729  1260.2634  1437.3357  1516.5828  1527.1943  1594.1992  1615.5143  1593.4927  1654.8856  1683.6638  
733.0328  1194.6501  1298.5819  1391.8375  1455.6598  1449.0869  1452.362  1442.9679  1437.4823  1446.5342  
796.249  1244.5962  1377.9557  1432.8081  1492.2216  1505.1962  1512.3046  1501.9912  1501.9694  1547.9402  
868.8249  1277.0356  1449.6698  1500.7844  1586.0482  1571.3052  1606.3469  1623.344  1610.0758  1643.1982  
735.2166  1186.2263  1333.6616  1414.2681  1442.7672  1410.2032  1436.914  1349.4462  1323.3528  1436.7239  
836.8371  1260.0465  1409.6251  1460.7308  1489.5345  1560.427  1569.3606  1459.4655  1586.966  1570.6906  
821.8308  1275.6945  1351.849  1443.2869  1442.693  1479.4908  1489.2917  1418.5321  1453.2748  1511.6849  
743.109  1233.0852  1353.6788  1421.7032  1492.718  1464.2361  1507.2957  1456.2223  1483.2695  1475.9733  
729.1464  1170.1039  1295.0841  1371.3296  1419.1484  1428.837  1484.1775  1472.3368  1490.6772  1561.4756  
846.4819  1343.4878  1443.5208  1474.6248  1540.0377  1586.5349  1607.7065  1595.0946  1601.5588  1628.5208  
765.0481  1178.1334  1317.7328  1373.3761  1439.8275  1457.6995  1498.9523  1444.0815  1447.4784  1513.1384  
720.5658  1216.6636  1339.1815  1423.548  1425.5885  1470.6354  1468.0238  1484.3208  1473.6912  1504.6057  
957.9841  1283.8501  1468.3629  1452.7667  1494.2931  1533.7054  1517.2437  1529.0842  1526.762  1568.0233  
892.1335  1300.6252  1426.0398  1523.5684  1555.0687  1553.0917  1593.0671  1581.2676  1601.2289  1600.5193  
779.0083  1230.8772  1505.9578  1486.7539  1584.2142  1604.5679  1550.2771  1618.4321  1690.1096  1635.8309  
862.0404  1213.4629  1390.1102  1429.6251  1456.7446  1480.3182  1516.8888  1493.471  1497.7354  1563.2334  
