1295.8473  1895.3306  1999.0238  2014.506  2110.1824  2120.8816  2007.7244  2108.2568  2172.846  2174.8918  
1527.3313  1869.8593  1983.4305  1956.3552  2138.8306  2292.0806  2389.3286  2573.7473  2639.9314  2600.4229  
1151.3221  1676.5742  1803.1146  1740.794  1805.975  1821.8698  1878.0461  1927.3732  2010.1672  2071.3547  
1354.8074  1744.777  1803.8976  1772.551  1782.8164  1800.9423  1818.9572  1876.7281  1943.3016  2084.9978  
1373.4938  1816.576  1901.7712  1979.4464  1989.1862  1936.0942  1938.874  1975.4188  2059.7288  2141.448  
1351.4827  1827.793  1928.0748  1725.1414  1766.1772  1814.9854  1847.5142  1858.5974  1929.5002  1975.3218  
1160.0203  1712.5474  1810.155  1799.5583  1833.4102  1892.6484  1942.805  2116.8484  2105.5847  2138.2065  
1344.8574  1748.2166  1847.5984  1919.0771  1988.7308  1952.7509  1967.648  2045.3997  2012.461  2105.3113  
1378.0438  1699.338  1792.1086  1760.9548  1878.3364  1954.226  1991.9279  1954.2094  1919.2747  2010.775  
1341.2202  1904.1613  2047.5388  2080.6375  2249.96  2307.3174  2423.06  2481.4949  2565.9924  2723.5378  
1319.882  1748.7296  1791.6248  1824.3698  1922.2788  1930.3792  1923.2509  2001.673  2062.5469  2083.8848  
1314.2183  1817.4727  1904.5338  1955.4314  2077.5273  2037.314  1992.321  2018.6808  2110.7883  2249.6653  
1332.3219  1886.8322  2046.9974  2073.7788  2230.856  2215.3684  2121.8171  2109.0588  2137.1467  2191.1624  
1608.636  1765.032  1979.6536  1986.3206  2037.457  2118.0818  2052.0427  2028.2112  2127.1323  2094.6086  
1309.2587  1740.585  1854.048  1784.8478  1835.8834  1979.8024  2069.382  2070.409  1977.9764  2062.2056  
1269.055  1637.1431  1770.3522  1764.424  1800.345  1907.6284  2059.4407  2021.272  2048.8984  2077.2742  
1451.2874  1794.5046  2011.171  1984.12  1954.4514  1968.7998  2006.0107  2111.5688  2109.6958  2253.2449  
1408.2476  1873.483  2107.983  2103.328  2134.16  2140.5637  1994.824  2078.92  2070.6306  2164.529  
1348.3405  1810.1514  2121.6438  2147.5735  2219.884  2133.213  2359.6729  2539.4524  2735.92  2943.9282  
1269.3833  1778.2646  1814.7917  1840.6614  1943.5396  2034.1268  2028.3356  2017.5292  2067.491  2177.5405  
1527.0813  1952.6025  1817.1816  1788.81  1832.5107  1894.691  1880.5486  1914.5577  1988.571  2003.208  
1369.9905  1879.4678  2022.6805  2001.4866  2168.8384  2205.4119  2279.5405  2278.6245  2309.216  2403.0857  
1511.6862  2080.3438  2145.115  2106.86  2188.5964  2126.1912  2036.7852  2019.764  2011.5938  2077.046  
1104.4949  1759.7792  1835.5322  1831.4526  2055.1348  2012.6484  2042.9677  2086.6658  2005.6812  2048.802  
1236.7078  1755.7988  1884.9268  1881.5504  2045.0278  2139.7747  2149.2512  2184.9807  2200.0925  2285.7996  
1217.3384  1712.4019  1710.429  1805.4543  1914.9604  2058.6272  2042.9978  2094.3113  2157.128  2204.0913  
1184.8486  1640.4365  1725.691  1833.4584  2047.529  2097.8843  2031.6908  1950.9418  2116.6294  2184.0227  
1825.2722  2104.9968  2076.1233  1982.3634  2103.1206  2235.9087  2076.5532  2065.4268  2065.3223  2149.974  
1239.9425  1861.5588  1986.6434  1915.6147  2020.1469  2161.6387  2123.3792  2162.368  2279.092  2336.639  
1329.2014  1839.9158  1875.736  1812.6812  1863.9672  1928.9036  1951.4781  1956.413  2062.1106  2203.1228  
