446.6307  1690.4078  1900.5566  1988.4731  2219.2827  2364.5056  2392.0798  2557.8823  2633.2412  2693.1052  
386.1976  1663.7175  1807.9744  1915.5872  2167.4434  2303.7366  2411.1643  2562.689  2557.0579  2583.8853  
405.6886  1642.0762  1822.8356  2033.2509  2246.452  2309.0105  2478.0427  2539.7732  2652.361  2793.2637  
360.1453  1679.3292  1873.71  1966.507  2319.017  2407.7793  2476.8152  2590.714  2659.103  2777.4062  
397.7561  1799.8145  1939.5004  2033.2332  2274.2742  2372.187  2464.1934  2648.6243  2744.4333  2809.111  
351.8687  1725.4344  1873.636  1928.0782  2194.3677  2339.3596  2461.0493  2647.0754  2657.4238  2699.1685  
362.9127  1693.382  1960.305  2004.1322  2266.9211  2345.9016  2504.194  2687.4446  2687.1912  2746.4219  
319.6156  1605.1119  1810.8522  1907.3768  2136.5312  2253.832  2343.9329  2501.6543  2516.3245  2623.0278  
449.2132  1702.1978  1867.6855  1983.7148  2243.3372  2312.3633  2427.754  2562.68  2652.1113  2764.6875  
224.5917  1682.762  1944.383  2044.3112  2267.6907  2529.4727  2553.4348  2579.7698  2618.803  2697.738  
364.0235  1654.4618  1797.747  1944.2458  2203.613  2305.2656  2417.5547  2538.104  2620.0095  2653.3677  
336.8144  1631.7223  1819.1406  1936.4865  2141.8318  2230.2388  2351.2585  2526.7234  2554.1445  2673.2344  
402.2333  1696.6838  1944.9458  2051.1013  2246.0432  2447.6626  2388.3352  2560.6416  2734.8164  2834.3813  
306.0242  1788.8898  1978.2172  2030.1776  2266.7397  2368.4736  2471.3997  2651.1604  2748.2288  2751.3223  
322.544  1765.5972  1900.0502  2078.7678  2318.7844  2367.3945  2456.7031  2646.852  2714.6099  2723.367  
475.4104  1747.3322  1928.3553  2040.7554  2291.3608  2414.859  2518.6716  2691.4353  2700.9434  2831.5962  
346.1182  1682.2292  1847.617  1981.9536  2204.903  2301.612  2323.475  2553.173  2593.677  2664.4158  
346.0753  1747.4633  1955.5704  2006.0479  2294.3  2436.3228  2512.772  2663.9214  2664.641  2721.3296  
423.5658  1732.09  1894.5366  2037.025  2250.1436  2283.1567  2403.303  2581.9043  2586.6782  2697.865  
399.5113  1760.1074  1925.5533  2035.405  2234.9326  2339.6892  2432.4895  2609.483  2615.1755  2685.933  
336.4988  1693.6564  1871.722  1955.1694  2137.0498  2229.8242  2321.643  2452.7212  2497.51  2619.98  
214.3657  1603.1102  1813.1552  1854.8195  2104.3003  2213.443  2235.0474  2374.4888  2456.7969  2531.0632  
409.5829  1779.6663  2083.548  2150.8616  2420.8804  2570.564  2485.5894  2565.4714  2581.2034  2668.901  
330.3829  1609.0872  1810.861  1925.7393  2253.8696  2261.6982  2349.538  2474.498  2497.4595  2596.421  
366.6165  1737.7078  1813.0978  1928.3531  2215.2378  2264.7222  2372.6106  2527.626  2553.2585  2599.1597  
373.8968  1668.8546  1904.0056  2007.5623  2345.0547  2410.6382  2492.3713  2603.3066  2666.3843  2774.256  
400.151  1637.618  1841.1516  1989.222  2259.7595  2313.0925  2357.2905  2528.7598  2606.0923  2663.0261  
354.94  1607.328  1828.0588  1875.8708  2163.848  2279.838  2331.1248  2470.382  2513.669  2586.8845  
321.6148  1602.919  1833.0726  1942.9882  2139.3577  2244.7314  2332.1128  2512.2954  2578.2678  2637.0007  
354.0588  1688.7205  1925.376  2118.2117  2329.4634  2406.1985  2520.755  2650.8438  2714.9038  2812.2476  
