1224.6525  1944.8402  1986.9062  1910.257  2102.8613  2111.9553  2097.707  2252.119  2183.3955  2359.9397  
1155.3438  1887.1353  1983.9104  1961.9508  1988.188  2026.4028  2029.4598  2086.075  2149.9104  2249.5571  
1238.7623  1864.973  2005.0966  2001.0994  2097.0662  2167.6067  2157.684  2195.3333  2230.2588  2336.2468  
1178.9862  1876.498  1968.0514  1924.5126  2056.0403  2118.174  2207.3813  2155.4465  2234.1912  2354.263  
1191.2671  1924.1718  2029.3792  2001.8146  2066.2683  2119.346  2135.3184  2131.9226  2204.82  2315.93  
1203.0105  1856.3936  1937.4036  1947.8687  2028.1484  2078.034  2073.597  2029.3969  2117.5776  2238.0928  
1278.277  1958.554  2047.9847  1958.177  2070.573  2136.2205  2125.792  2166.565  2167.9219  2332.8174  
1210.0062  1864.5435  2064.3264  2037.6962  2251.2822  2186.4187  2134.4958  2190.7283  2249.1262  2322.8555  
1209.9146  1920.0662  2133.8208  2019.0153  2093.455  2093.8528  2093.9075  2108.847  2126.527  2283.9429  
1234.2902  1861.8964  1975.3835  2007.7938  2090.0298  2183.6875  2144.0361  2164.0742  2202.3176  2363.1204  
1183.4904  1892.0076  1984.2087  1978.4965  2114.8218  2191.4973  2140.9275  2233.6704  2247.8816  2361.4905  
1227.2711  1946.2212  1959.8903  1904.5474  2038.9167  2057.0725  2139.842  2231.9019  2304.7742  2394.7268  
1168.3044  1896.5004  2025.6304  1985.5292  2039.9106  2158.8  2131.3103  2117.3381  2377.8567  2459.0845  
1192.337  1882.4775  2050.5376  2037.0114  2070.5918  2114.6797  2099.7  2093.6628  2133.2178  2246.8228  
1223.5974  1844.9587  1971.441  1875.5134  1944.1425  2011.7502  2033.1674  2058.054  2092.5588  2227.251  
1200.3734  1966.347  2019.4615  1976.8916  2043.1644  2104.967  2137.4167  2226.112  2163.9219  2288.331  
1176.7931  1910.8597  2091.4707  2027.79  2138.7927  2138.0005  2153.4338  2198.813  2154.665  2283.1807  
1364.5481  2015.6086  2051.4568  2017.814  2097.0374  2141.9878  2203.467  2191.572  2230.8806  2290.7046  
1197.3276  1937.4642  2011.8704  2010.6025  2128.2908  2184.8674  2233.684  2169.5312  2206.8362  2312.1982  
1271.3011  1892.2303  2100.578  2062.516  2104.4224  2069.0496  2160.3706  2169.2246  2196.5647  2356.8389  
1288.5931  2068.1292  2123.2183  2129.981  2267.118  2253.464  2299.6003  2445.825  2532.7285  2444.1855  
1240.9335  1949.6442  1974.862  2058.6814  2217.5776  2093.7979  2117.1917  2179.7583  2266.532  2323.9287  
1215.3872  1938.123  2037.5955  2054.152  2140.2153  2169.3167  2230.301  2192.9873  2177.8928  2291.9248  
1202.8647  1996.1309  2066.2078  2081.0007  2224.5073  2358.6863  2391.4197  2290.9502  2315.6477  2446.8857  
1203.2728  1963.8484  2025.0793  1970.3934  2071.0198  2144.9646  2146.9727  2257.0605  2262.1592  2339.4944  
1262.8969  1975.767  2051.4924  1955.6356  2091.8389  2093.1367  2132.8801  2145.1926  2151.0535  2199.7065  
1134.8555  1955.8862  2004.5734  1936.3464  2060.3606  2127.5962  2108.2627  2133.7053  2161.7231  2261.388  
1192.0458  1904.617  2017.8405  2013.061  2084.7249  2146.0217  2119.1868  2201.572  2198.4045  2324.4778  
1218.1482  1887.7312  2061.148  2048.015  2083.716  2144.2344  2151.3357  2172.7258  2248.0312  2428.252  
1224.5503  1968.1102  2073.533  2032.7944  2123.0742  2144.4255  2187.105  2152.955  2171.4548  2319.0728  
