396.3202  1298.3065  1502.88  1857.949  2218.1843  2112.3374  2255.733  2227.2485  1934.8687  2006.3784  
349.0126  1292.3799  1542.3085  1839.0326  2059.4429  2147.2065  2310.1003  2263.5317  2075.8813  2085.6328  
241.233  1426.7205  1809.1278  1773.1166  2142.0103  2136.9531  2176.0476  2207.71  2117.1318  1853.7152  
444.332  1162.4286  1810.0197  1852.7076  2231.4097  2297.8396  2379.4336  2051.2192  2023.7957  2133.891  
248.9783  1199.0714  1503.3163  1880.3978  2077.9282  2207.0483  2283.9543  2061.0828  1820.5614  1859.4618  
281.1708  1406.0172  1644.4379  2010.6034  2099.4243  2296.607  2543.3481  2205.4182  2086.5051  2154.919  
222.6466  1504.2742  1813.2584  1812.4272  2171.7092  2292.4631  2712.4329  2213.6301  1989.6384  1981.0927  
280.0184  1293.5852  1510.2886  1955.4135  2008.2026  2309.5146  2566.64  2293.8052  2167.711  2137.544  
326.3326  1422.5228  1646.1681  1631.0791  1858.678  2179.3955  2474.9692  2219.265  2093.7056  2007.5734  
173.5314  1274.1615  1448.8618  1659.7349  1956.7732  2137.44  2546.4502  2422.8704  2287.8748  2137.3044  
287.8532  1186.8727  1362.0499  1717.7792  2151.6848  2395.3262  2621.8418  2245.7144  2134.2522  2036.1456  
258.5618  1354.0101  1486.8798  1742.0948  2079.8662  2231.0747  2555.4539  2216.681  2015.7874  2079.781  
297.6102  1304.2816  1642.5552  1747.4058  2152.0376  2562.1243  2599.961  2299.0903  2279.2886  2123.929  
297.0623  1220.3799  1580.5581  1756.7961  2059.2625  2101.404  2338.1316  2002.5868  1822.3456  1905.7343  
336.4023  1203.0404  1676.9171  1920.5742  2314.202  2441.8381  2496.4802  2211.0388  2148.4446  2006.0461  
452.853  1314.9015  1616.448  1688.1302  2228.4785  2413.4675  2355.0994  2076.5747  2099.074  1952.434  
213.1854  1197.2247  1595.5299  1797.155  2066.3245  2068.1204  2509.2083  2289.7607  2202.8337  2120.459  
365.1781  1418.9774  1606.2683  1961.998  2335.2388  2773.9263  3271.6113  3038.4011  2395.5164  2373.089  
331.1867  1208.9523  1536.627  1732.8221  2116.1206  2375.585  2502.4607  2302.236  2169.4297  2267.885  
271.3944  1161.4464  1411.7789  1742.524  2156.723  2426.995  2408.487  2122.699  1908.1718  2000.6434  
241.3134  1342.2091  1699.9918  1751.3344  2081.5347  2363.6497  2523.5195  2334.7522  2406.1096  2166.6433  
181.4344  1182.3691  1471.5342  1861.2177  2238.6946  2249.6123  2291.7473  2279.1882  2082.6504  2207.785  
297.9062  1528.9553  1690.649  1956.2026  2273.3167  2386.9749  2542.905  2191.0708  2129.0964  2249.325  
285.7442  1182.2151  1430.5381  2059.417  2703.2415  2633.2012  2574.839  2278.4397  2191.3735  2000.3234  
245.7004  1381.068  1696.1248  1867.999  2175.6206  2150.1514  2262.6392  2215.8667  2033.0623  2036.0372  
325.3797  1196.3451  1590.0026  1887.4326  2292.199  2769.4526  2698.1199  2304.592  2274.5886  2155.7449  
453.6784  1328.003  1552.5184  1954.7122  2067.9204  2238.1013  2399.0806  2185.9856  2157.9753  2220.874  
324.3084  1356.525  1607.2554  1749.9048  2233.74  2352.6765  2340.2144  2211.9897  2069.7097  1975.6754  
290.6702  1337.7479  1685.8862  2002.9762  2262.084  2387.462  2492.5833  2199.639  2082.121  1893.2662  
211.5935  1247.7504  1584.638  1860.3665  2099.2534  2278.7012  2341.8708  2399.4502  2162.9397  2030.8884  
