948.1022  1285.8123  1638.4055  1756.222  1979.5206  1916.0918  1961.1854  1967.4996  1981.2612  1894.0068  
1061.1548  1202.6771  1500.7612  1656.2762  1805.5352  1950.0479  2007.194  2049.0889  2084.4802  2019.659  
928.7105  1250.4293  1551.3582  1632.3649  1816.3365  1817.2792  1853.0472  1935.5696  2033.8804  2057.5273  
965.7129  1164.7936  1514.031  1680.8118  1869.5676  1894.6904  1924.3958  2038.357  1951.7622  1956.8866  
1093.0502  1338.476  1516.7074  1532.2108  1826.215  1888.1718  1929.8378  2069.859  2102.518  2126.0151  
1007.6843  1357.5325  1647.6261  1755.871  1941.4822  2153.9263  2237.0793  2325.251  2460.724  2441.9612  
1078.281  1319.9161  1594.8215  1747.3312  1785.712  1822.7646  1860.9448  1913.5382  2013.08  2001.6412  
1056.7505  1292.4513  1566.436  1698.4132  1975.2806  1979.6558  2029.1714  2146.1516  2132.5798  2152.1233  
1018.8848  1263.6271  1546.9116  1735.262  1843.3612  1887.1075  1977.4316  2085.4653  2066.1882  2014.789  
977.8572  1105.9662  1485.6813  1664.3958  1856.9462  1857.1552  1901.1534  1983.8202  1966.455  1967.7714  
1069.2651  1285.9468  1633.7601  1758.456  1864.8508  1885.4792  1939.592  2156.3306  2118.1401  2118.255  
994.041  1209.959  1526.3639  1536.4229  1699.339  1814.888  1795.1786  1826.7098  1905.9712  1867.643  
985.885  1323.1967  1651.6503  1781.5018  1906.0214  1872.0072  1998.643  2105.2537  2272.94  2318.1436  
988.2451  1206.4099  1514.6984  1579.2798  1788.5026  1827.444  1961.2822  2051.7778  2266.458  2182.442  
988.7313  1113.8047  1396.9921  1536.1974  1748.463  1764.6086  1745.6498  1918.1884  2013.1613  2181.5298  
921.7766  1202.6715  1471.5164  1563.3136  1710.4332  1806.0674  1930.7692  2090.377  2114.1423  2173.2854  
976.4594  1294.9321  1630.4822  1780.9558  1917.3944  1914.255  1894.9908  2047.6174  2003.5956  2064.479  
1087.0825  1232.1885  1464.6888  1636.8612  1799.9708  1884.1698  1954.011  2059.433  2106.5034  2198.2498  
991.8463  1113.6981  1398.3966  1539.8319  1830.0732  1902.7408  2008.7704  2164.159  2124.377  2130.7107  
1135.6841  1410.8545  1545.0188  1720.0864  1856.7913  1828.3472  1902.952  2112.3425  2092.9905  2168.1074  
945.8428  1270.347  1517.5402  1697.8364  1805.8026  1857.033  1858.7882  1889.3168  1929.0106  1856.3278  
1023.1046  1279.966  1497.17  1581.0767  1781.2961  1834.373  2005.6846  2088.8965  2087.0298  2064.7908  
1059.0259  1293.9662  1492.2024  1561.0671  1755.0236  1765.3168  1876.0876  1861.5502  1979.9928  2062.0083  
997.1134  1353.154  1638.22  1792.509  1963.8448  1974.0886  1918.3318  1914.1104  1878.2238  1886.5704  
1094.3732  1286.2576  1511.7688  1631.3229  1845.471  1957.7034  2048.2637  2279.986  2253.549  2190.7195  
1000.9222  1274.831  1498.8904  1613.7065  1799.792  1835.9888  1835.8036  1954.53  1972.6682  2025.7792  
1173.0486  1333.6761  1579.7155  1626.4196  1765.007  1862.3077  2038.9146  2184.9736  2168.5134  2193.2024  
962.4144  1146.4703  1504.5925  1730.7039  1892.4966  1888.8195  1947.3964  1972.81  2043.8694  2187.479  
1067.732  1180.6907  1553.0852  1676.8982  1847.1586  1912.8822  1985.9373  2131.3499  2209.4146  2222.504  
930.608  1213.0865  1435.3572  1591.5636  1779.6827  1850.5428  1903.4862  1897.7322  1945.3662  1977.1708  
