1144.5457  1410.8909  1640.3201  1599.2307  1724.2675  1738.6873  1906.394  1933.3308  1951.0153  1848.3785  
1110.0269  1410.704  1602.5089  1744.3406  1988.6552  2124.0999  2438.5432  2628.7644  2855.6606  2788.4019  
1046.2168  1266.3665  1612.2578  1802.732  1939.0898  1860.7092  1913.8712  2113.19  2050.9463  2137.011  
1044.8606  1235.937  1532.8851  1630.4008  1733.2072  1831.3969  1863.8188  1957.5674  2129.4438  2218.85  
1241.5961  1425.5254  1628.2399  1782.754  2016.874  2052.4375  2228.124  2248.7546  2265.0862  2119.6343  
1105.2065  1507.8082  1657.2771  1806.909  2067.8267  2035.8386  2031.029  2207.3098  2230.5977  2290.2666  
1100.8873  1379.0847  1711.0906  1832.9727  1896.7834  1893.538  1988.8856  2119.841  2228.5798  2286.7847  
1151.4386  1436.4918  1875.6804  1933.626  2072.496  2222.5415  2380.5085  2467.403  2411.167  2457.4648  
1195.8644  1480.4017  1790.587  1833.048  2001.0488  1927.3398  1813.9323  1925.2264  2016.4146  1995.924  
1103.4623  1267.6888  1586.2605  1575.2667  1739.331  1879.5604  2010.869  2149.0393  2264.092  2307.2065  
1083.8999  1381.8802  1571.0997  1578.6346  1862.2675  1768.774  1974.4236  2169.6318  2321.3909  2396.848  
1083.1593  1546.5823  1664.8737  1704.75  1876.9336  1845.0414  1996.2684  2250.424  2265.2356  2349.0469  
981.7595  1282.0348  1504.924  1720.8058  1761.0948  1894.8188  2140.036  2339.6843  2479.3699  2444.9949  
1126.3285  1385.9596  1629.1359  1727.1519  1912.526  2058.2283  2216.1616  2230.3794  2327.255  2323.2822  
1238.7657  1333.0254  1627.634  1670.5568  1884.8348  1947.894  2106.7454  2237.0093  2260.8354  2226.1465  
1041.7743  1392.5728  1821.3876  1723.0122  1871.9326  1946.4526  2195.8132  2499.176  2488.6306  2469.0854  
1003.991  1193.3933  1504.1006  1614.3568  1830.8268  1849.1592  1978.0504  2198.7559  2132.5713  2117.2144  
1013.309  1158.875  1491.5668  1591.9863  1756.3912  1759.4998  1822.2148  1876.1403  1938.7328  2003.3726  
1015.632  1322.7235  1542.5071  1740.3698  1889.6967  1793.9012  1867.0002  1967.2487  1963.3942  2034.3336  
1134.8895  1379.1763  1778.4452  1903.6586  2044.3254  2202.0535  2306.3313  2397.044  2389.0212  2416.95  
1106.2675  1607.4521  1882.1382  1900.1357  1975.4686  1944.2393  1924.3138  2126.0674  2162.7974  2151.2742  
1142.3286  1361.6398  1585.8429  1573.1465  1773.752  1924.8682  2136.8933  2361.8694  2547.4983  2453.7798  
1119.0815  1375.4059  1529.2167  1645.5508  1817.6852  1963.412  2118.8245  2132.7095  2247.126  2328.4104  
1031.1185  1472.3496  1794.1034  1901.4404  2037.3206  1938.3481  2015.5125  1975.4154  2022.618  2062.8801  
1089.4542  1439.9912  1511.5944  1669.8989  1814.7402  1851.3892  1889.083  2137.4106  2417.8975  2515.0461  
1047.501  1492.8435  1757.9236  1777.179  1752.7178  1714.0072  2008.4117  2214.4683  2208.4814  2335.5115  
1182.6865  1488.5591  1741.1846  1704.8352  1862.3704  1944.8826  1948.0264  2106.0205  2288.414  2256.623  
1283.955  1405.6238  1698.4236  1643.8782  1868.926  2043.0074  2016.7976  2120.226  2166.6155  2150.5498  
999.0566  1477.6494  1776.365  1681.544  1739.5367  1754.6484  1701.9714  1828.8055  2086.0132  2180.8853  
1047.9109  1238.6782  1498.619  1642.8828  1750.5496  1865.915  1899.102  1906.1624  1936.4937  1945.891  
