695.0564  897.0907  1006.7153  1042.0062  1108.2162  1197.0931  1416.2397  1483.0295  1560.0887  1556.0695  
729.9436  1033.8234  1136.5994  1164.2075  1340.5637  1375.1681  1402.9185  1595.2474  1600.1333  1738.53  
636.7204  912.0218  1077.4296  1313.9023  1271.6377  1427.7686  1390.6711  1464.8956  1514.2131  1544.8065  
589.8269  950.9814  1039.3572  1140.2834  1248.4016  1357.2494  1383.5717  1413.6609  1730.7559  1695.9692  
833.5288  918.2166  1040.1964  1070.7908  1241.707  1260.3579  1475.5992  1545.8114  1672.8004  1658.0883  
938.5484  1020.8723  1069.8827  1040.6719  1148.85  1199.1593  1366.5883  1567.4429  1466.0104  1507.4875  
707.2068  1069.4637  1181.6996  1422.864  1375.9435  1507.3611  1574.9406  1597.076  1675.5638  1650.1616  
661.4291  942.4648  1087.974  1178.5953  1218.0424  1355.8184  1354.7094  1520.8208  1669.8356  1622.8179  
589.0242  872.9496  1016.9892  1233.5541  1251.2684  1306.126  1370.3171  1349.4204  1456.0673  1552.477  
586.0426  859.557  1007.4657  1068.1744  1266.8994  1343.826  1456.259  1390.762  1576.9769  1643.1583  
670.1964  910.7466  991.9053  1114.2905  1224.6359  1375.8965  1505.1843  1536.7993  1726.119  1752.1136  
720.4174  883.8934  933.8935  1053.2141  1127.0094  1303.3732  1410.5988  1557.9844  1562.3181  1624.8624  
627.1676  876.5739  1051.3352  1175.5037  1326.4286  1346.7593  1502.4657  1598.2789  1560.7616  1623.0651  
862.3309  910.1062  1058.9269  1114.7551  1184.3402  1341.919  1349.3682  1470.9512  1478.8806  1497.0997  
605.1618  932.4881  1068.1129  1143.3732  1175.3934  1225.7511  1471.7938  1505.7264  1476.6813  1646.2338  
748.4771  993.9926  1033.2075  1183.259  1305.8961  1357.4049  1580.918  1683.0966  1742.4462  1842.3542  
696.6742  1092.9371  1227.0338  1296.0493  1318.3691  1562.8489  1531.3693  1641.2816  1730.5479  1741.1188  
613.2453  868.8542  981.1517  1120.2992  1141.6191  1400.9814  1434.1663  1429.1145  1627.7664  1585.0687  
610.2176  840.6616  1037.55  1107.5394  1193.6984  1323.0051  1444.8958  1499.2379  1674.9207  1770.9152  
760.7323  1027.995  1284.9506  1209.0432  1254.5652  1513.5748  1381.941  1705.7496  1600.7957  1743.1147  
646.9521  999.6968  1219.0901  1204.0275  1205.5887  1398.2878  1404.9087  1460.483  1665.0414  1671.5454  
721.2886  905.0175  1133.1351  1165.1605  1185.9501  1536.3788  1578.8789  1476.3313  1588.5753  1723.8818  
673.8896  896.6057  1110.8899  1177.2336  1219.2119  1484.9097  1547.5338  1576.5635  1751.0677  1526.2758  
636.8276  933.0915  1140.5886  1257.9495  1487.726  1460.86  1536.699  1810.045  1734.3728  1787.686  
656.128  1032.0656  1399.0238  1359.4344  1576.9877  1555.3901  1649.075  1672.7709  1685.648  1837.6923  
693.3089  967.1725  1026.6987  1111.3842  1166.0878  1341.1619  1478.7614  1521.1106  1662.9081  1785.4504  
601.7378  926.8771  1168.7131  1220.7095  1123.5432  1308.4645  1299.3655  1478.5159  1519.0131  1621.4031  
666.0735  880.1243  998.579  1057.4458  1132.2753  1292.3853  1360.0642  1425.4529  1501.8903  1517.5875  
681.6795  884.6918  1272.6818  1242.6644  1430.3158  1559.6586  1662.3103  1614.1881  1732.3894  1890.0094  
630.0174  869.2398  1063.9897  1202.7091  1246.6777  1505.9841  1628.2368  1562.3989  1622.493  1656.0668  
