953.2303  1472.2726  1670.5276  1695.04  1757.2365  1789.4542  1850.3314  1833.6246  1862.1738  1881.8252  
1035.1971  1508.1305  1754.1666  1819.0598  1906.5698  1984.7306  1995.7506  1956.2432  2020.5326  2062.1157  
832.883  1375.3225  1644.5413  1665.844  1782.0413  1847.9314  1869.2488  1929.024  1963.4774  1939.5756  
895.8433  1330.7076  1532.2737  1587.5385  1680.4496  1704.9792  1800.2222  1824.1818  1901.8302  1906.3204  
937.1135  1479.2251  1689.5228  1802.0162  1896.5538  1865.5256  1901.5292  1959.812  1977.668  1946.1031  
915.9368  1354.2411  1611.3455  1655.1179  1750.7634  1787.2231  1839.2184  1889.0854  1921.5468  1920.8362  
850.0803  1420.4991  1681.4854  1786.0295  1911.3818  1880.8167  1960.8408  1912.7874  1981.6335  2070.4382  
887.7606  1369.4299  1690.2654  1706.29  1877.6458  1843.2542  1837.1664  2010.715  1974.7634  1893.9502  
993.0583  1476.0903  1669.2836  1800.7181  1874.3484  1911.07  1944.6846  1927.1285  1935.382  1928.8978  
897.7646  1467.4346  1725.7808  1756.279  1843.7935  1904.8622  1923.8925  1909.536  1953.7744  1935.4958  
886.254  1356.7546  1600.2177  1692.4592  1814.1042  1865.1403  1860.3232  1947.8082  1919.5714  1914.1702  
844.1112  1406.7972  1578.5422  1667.4536  1769.2205  1820.44  1864.6078  1922.7343  1923.8004  1907.856  
959.1188  1413.4749  1636.5667  1747.6912  1849.6707  1838.502  1987.186  1955.6534  1931.2452  1897.6685  
896.8419  1568.7101  1726.293  2093.729  1908.9742  1867.3534  2090.2104  2103.5676  1978.4308  2009.4355  
996.2328  1464.6063  1671.5105  1814.0376  1868.1206  1878.3314  1877.7338  1968.7416  1940.1216  1954.5524  
892.8676  1526.6045  1647.7015  1685.84  1897.2216  1841.1206  1923.039  1958.5414  1893.5627  1945.9648  
1012.6608  1480.2698  1717.5673  1753.7404  1903.5656  1906.795  1924.1302  1943.003  1956.7913  1958.6064  
809.4958  1366.8417  1594.3102  1688.8234  1804.655  1829.0066  1831.2415  1921.027  1986.783  1937.6783  
942.6536  1344.4161  1516.086  1550.7056  1687.0348  1755.8154  1818.3239  1839.7786  1863.397  1873.5054  
1010.861  1433.7229  1654.9641  1767.1072  1820.3903  1910.3907  1917.412  1946.6486  1928.1144  1902.6954  
757.7132  1391.273  1688.7866  1773.4324  1852.0098  1852.013  1883.9122  1938.5758  1944.5574  1907.1642  
1102.9536  1463.6237  1652.8029  1991.2058  1951.2026  1930.9258  2035.4344  1934.506  1945.2397  2003.577  
940.3972  1391.5323  1590.3331  1684.7137  1766.8138  1793.7598  1807.0192  1888.8138  1893.936  1893.7554  
904.2929  1508.353  1783.6224  1799.4138  1975.2988  1964.911  1968.1392  2085.8975  2040.0964  1937.711  
945.4636  1308.032  1370.7498  1527.4412  1705.9136  1722.3438  1843.5767  1845.9578  1850.371  1892.4323  
971.7224  1513.027  1615.4718  1676.0555  1805.8936  1829.567  1859.0955  1902.8444  1888.3553  1894.335  
785.2436  1303.7501  1641.9102  1653.8403  1777.0406  1805.6342  1829.5198  1847.776  1853.369  1877.7218  
823.4237  1381.1498  1704.029  1707.7048  1801.2036  1872.384  1876.4758  1880.6132  1972.4117  1937.3503  
918.2512  1461.0846  1664.9725  1739.571  1850.7026  1860.3848  1915.328  1955.1326  1897.305  1943.0632  
845.5302  1371.5273  1577.6813  1629.8293  1792.981  1872.5574  1865.243  1950.4786  1944.0148  1927.812  
