588.7914  1719.0032  1900.6733  2102.4714  2216.322  2334.6714  2403.904  2459.2961  2496.8647  2506.5923  
338.7849  1609.3597  1891.7415  1973.0524  2215.1719  2257.8372  2312.07  2492.6604  2493.4255  2441.1614  
293.3305  1635.7797  1902.9825  2013.1738  2201.2861  2297.8567  2327.8132  2399.4973  2430.927  2454.906  
416.7644  1597.1823  1839.6334  1901.8864  2119.1514  2175.4446  2276.093  2252.1816  2299.383  2331.666  
464.0078  1562.6715  1857.5457  1957.0746  2134.1794  2294.828  2356.4543  2382.6855  2416.1099  2454.2617  
294.4598  1587.117  1886.4987  1956.6158  2159.412  2261.2454  2332.846  2451.0898  2432.0105  2474.941  
259.049  1748.8549  2151.1838  2134.05  2388.5706  2535.7886  2545.6394  2684.846  2724.5823  2782.6003  
333.1736  1573.8362  1835.8558  1966.144  2185.56  2265.0437  2270.4038  2406.1792  2424.5178  2428.2249  
324.4624  1572.3063  1839.6967  1906.9218  2170.8604  2189.2302  2253.64  2377.7256  2380.83  2401.604  
380.6982  1579.9235  1843.7039  1970.7864  2143.669  2237.0183  2193.642  2324.64  2305.3584  2254.3018  
362.257  1564.3073  1935.3127  2008.0385  2217.976  2272.0723  2331.7869  2411.2622  2477.577  2456.8113  
376.5863  1670.4961  1936.5094  2001.8972  2170.8516  2239.211  2314.8374  2411.9429  2487.1807  2495.2566  
366.2009  1614.6039  1866.4594  1971.973  2182.5198  2335.2385  2390.708  2471.2578  2489.6462  2449.2383  
304.1478  1581.8314  1826.7856  1939.5526  2110.4512  2176.4  2256.8196  2284.5012  2327.2222  2358.491  
344.1613  1591.4075  1799.0438  1912.8102  2063.19  2097.6235  2173.178  2282.2568  2303.5657  2344.0625  
332.0828  1540.315  1788.6685  1878.7216  2069.7349  2128.7913  2163.1802  2293.9216  2305.015  2338.7861  
470.332  1626.9283  1868.5314  2032.0153  2211.8787  2273.533  2356.7769  2393.8286  2517.8242  2502.748  
324.1409  1578.689  1881.2556  1956.2178  2130.6372  2259.938  2281.6294  2327.0435  2352.9185  2433.7114  
298.1984  1620.8444  1952.1196  1897.5219  2158.5652  2304.6404  2322.7131  2390.082  2401.7236  2409.099  
200.3992  1708.2004  1951.418  2043.6313  2338.433  2381.5046  2379.9146  2479.594  2529.6777  2499.6992  
315.7793  1645.8792  1915.6558  2055.3813  2256.089  2382.3665  2375.3118  2485.6665  2528.4993  2507.099  
349.509  1680.3348  1943.2008  2066.731  2191.5042  2242.4673  2336.249  2449.1567  2463.9905  2518.5334  
288.6538  1667.427  1872.6622  2022.5251  2279.2703  2323.7178  2415.024  2460.0127  2515.5454  2570.5205  
323.1186  1556.6311  1884.3033  1940.589  2118.6409  2249.1653  2260.9255  2338.558  2393.7983  2381.944  
355.6264  1576.0925  1859.0806  1943.5024  2158.9543  2235.1177  2348.1316  2437.1604  2465.917  2489.098  
314.901  1629.7341  1937.8267  1997.7128  2210.301  2259.793  2299.978  2419.3865  2501.3508  2500.8413  
469.9502  1607.0703  1845.2032  1952.7092  2098.6484  2155.8823  2185.822  2290.2285  2337.7976  2411.7004  
316.7792  1589.7301  1904.5452  2029.7338  2211.1707  2255.5393  2319.247  2429.1453  2468.6643  2455.6558  
391.7261  1615.3966  1976.3842  2102.1636  2303.9778  2432.0344  2433.9622  2513.7466  2499.0107  2570.8298  
377.4851  1691.3066  1974.4904  2079.3262  2270.2358  2336.0188  2343.7812  2498.7722  2521.4033  2522.7014  
