927.4953  1580.208  1772.9456  1797.3044  1813.0999  1953.1716  1908.3726  1943.6058  2006.712  2028.7838  
907.1227  1554.4818  1761.0422  1760.5837  1795.91  1963.2004  2004.2036  1956.5586  2084.0137  2113.1787  
993.3922  1690.2133  1866.336  1847.1501  2055.4849  2103.4895  2221.038  2217.1199  2176.2898  2215.5774  
1147.5471  1743.0638  1749.689  1839.391  1967.4862  1975.3788  1991.6458  2058.6416  2091.2473  2283.8647  
1024.0562  1742.7258  2163.5732  2609.1924  2912.9736  2776.1768  2797.568  2559.897  2110.828  2168.9524  
828.2418  1487.0519  1652.7916  1637.6865  1727.1752  1746.8918  1979.1136  1807.222  1773.9788  1959.4994  
1102.6825  1775.0322  1971.8612  2101.9504  2230.213  2105.4836  2090.609  2185.1558  1943.8752  1957.2856  
893.1851  1577.1232  1807.617  1762.9987  1778.538  1828.7848  1757.9932  1790.744  1882.8718  1937.153  
903.4656  1623.5914  1692.5956  1753.3217  1788.8568  1835.7275  1823.5717  1796.5645  1978.6252  2143.4873  
1082.1908  1836.7885  1762.9208  1756.0198  1847.4327  1850.9261  1808.2584  1799.0739  1849.3248  2100.7458  
1130.6097  1680.3986  1818.1698  1668.327  1755.7878  1799.6344  1923.4132  1932.6034  2178.6057  2270.179  
1033.882  1558.0364  1685.8984  1685.4915  1818.5574  1824.5  1800.8812  1898.7004  2016.5472  2076.3494  
917.5126  1499.4518  1761.013  1939.6534  2170.3606  2340.3052  2522.1816  2504.866  2493.2437  2692.3484  
840.8139  1521.9835  1654.1093  1625.8103  1714.2712  1807.5294  1880.3  1843.639  1798.3132  1913.6058  
966.104  1495.2603  1715.4664  1690.4731  1742.6956  1777.9022  1842.712  1824.0938  1890.8914  1986.0994  
1118.1702  1790.761  1808.752  1866.0413  1942.4908  1911.1604  1956.6516  2112.56  2153.6252  2464.766  
869.7135  1621.1729  1826.6754  1813.1748  2158.2703  2157.8496  2083.6755  1974.2318  2013.0198  2085.4983  
1013.1366  1520.478  1661.328  1764.3083  1881.7198  2039.54  2006.5522  1952.1536  1917.5664  1831.5914  
1090.0498  1620.8297  1692.826  1629.2079  1762.026  1890.7513  1894.003  1973.8136  2021.7998  1918.0382  
1177.8196  1708.9672  1889.5782  1797.8242  1743.5125  1997.457  2031.5636  2027.6246  2115.0483  2133.2927  
887.9647  1534.1222  1759.5198  1698.5132  1864.121  1965.0736  1881.78  1842.3842  1873.5074  1843.7657  
892.6229  1563.4994  1761.1586  1885.988  2109.917  2272.531  2134.3733  2125.4067  2013.794  2059.589  
869.6396  1604.4841  1628.3041  1769.8525  1848.1964  1845.8916  1925.8842  1872.1176  1875.3914  1973.7152  
980.7172  1542.7103  1624.4714  1651.3014  1773.4655  1856.9054  1951.0052  1931.6042  1976.798  2067.4644  
936.5302  1561.6952  1611.0527  1708.351  1893.2776  1830.566  1869.4324  1891.6093  1921.5118  1969.3105  
916.6237  1750.4332  2098.4353  2163.7332  1966.0162  1929.7964  2134.6755  2041.7491  2027.007  2007.728  
810.4496  1402.6052  1585.2444  1661.4225  1678.599  1834.7356  1894.6772  1911.5721  1992.4222  2057.1084  
886.7344  1595.2834  1718.4922  1745.5704  1851.8824  2064.1287  2141.164  1948.8474  2201.59  2276.1885  
991.5164  1621.5281  1737.9078  1755.6786  1854.1218  1858.931  2034.1998  2490.7773  2645.6877  2937.6565  
895.5195  1660.7579  1768.1403  1832.8956  1865.9323  1918.2764  2032.5574  1931.8486  1975.0994  2074.1265  
