989.919  1725.3752  1802.373  1747.9554  1827.2836  1862.8816  1809.069  1822.9987  1902.6982  2005.7012  
941.9842  1721.8032  1823.599  1776.475  1831.461  1879.925  1907.1442  1810.2924  1936.6031  2010.2034  
925.0571  1712.4808  1927.3562  1726.608  1816.037  1820.9506  1815.4052  1819.5956  1913.2456  2011.3286  
984.5736  1779.41  1846.2863  1790.9644  1901.718  1910.4362  1866.1532  1937.7092  1937.8221  2027.67  
1019.7906  1712.8544  1763.5668  1800.0312  1828.951  1932.7502  1950.547  1895.3066  2052.031  2051.6396  
896.4356  1789.0714  1844.1694  1842.2998  1879.634  1925.364  1897.2384  1912.9948  1979.0216  2095.0293  
889.283  1713.3062  1792.6313  1753.4668  1840.2548  1881.87  1844.6578  1861.465  2001.6368  2041.3768  
929.403  1749.7642  1814.2778  1836.8658  1891.0012  1916.0242  1928.9113  1950.3728  1930.2542  2075.7725  
943.0396  1716.175  1843.212  1743.1976  1794.585  1851.5164  1781.4524  1933.9539  1934.7458  1993.5502  
987.0278  1840.5771  1863.7068  1819.2676  1933.2028  1923.4808  1949.3217  1946.1692  1940.8456  2005.285  
982.7086  1702.602  1806.3198  1770.971  1957.0856  1983.9377  1906.8928  1915.2428  1920.9705  2003.7086  
954.4517  1720.8004  1789.4702  1747.8647  1855.9542  1847.9257  1842.8442  1892.061  1892.0596  2038.313  
900.9901  1752.188  1838.208  1819.5529  1768.6604  1833.469  1814.2719  1835.3392  1922.6241  2003.8748  
912.8216  1753.7712  1875.9128  1765.5616  1828.6356  1869.3986  1865.5837  1879.868  1909.751  2055.6555  
896.9681  1734.3334  1884.2684  1882.0225  1949.0562  2204.5718  1990.925  1893.0796  2019.221  2042.942  
915.2234  1762.5536  1725.5175  1718.1292  1778.9818  1840.0732  1907.237  1829.2488  1916.6263  2023.2244  
911.8231  1774.2222  1909.1508  1835.8818  1883.164  1919.6752  1875.1846  1888.6  2041.3774  2236.5935  
862.69  1756.0636  1852.8352  1886.4406  1890.8481  1923.7751  1905.4976  1943.2756  1968.5828  2117.336  
875.4155  1754.248  1830.3712  1774.2714  1781.6782  1912.6376  1961.0718  1885.1904  1848.5648  2062.7502  
886.6007  1894.2836  1817.7136  1738.9802  1856.0818  1850.8431  1866.5996  1925.0483  1992.7212  2111.2046  
921.6869  1759.3472  1845.8344  1868.9116  1843.8522  1874.06  1882.6216  1937.8062  2009.7964  2153.9604  
870.9605  1792.1776  1824.3298  1791.202  1872.598  1933.0986  1954.3228  1869.2102  1934.3132  2023.8402  
1087.256  1744.1545  1824.1298  1706.1252  1840.8442  1898.7416  1874.043  1877.8328  2026.6802  2083.2144  
865.0139  1770.2372  1826.7578  1746.2388  1808.8414  1844.134  1856.9742  1840.5706  1928.8348  1957.8054  
920.2607  1687.8173  1794.8032  1707.5436  1822.4604  1859.6356  1882.7048  1876.8036  1898.9261  2054.989  
890.4557  1725.3011  1790.4492  1732.4565  1777.8074  1859.0828  1810.9364  1921.9468  2106.9026  1982.2568  
930.1855  1760.25  1843.3988  1774.817  1876.4982  1921.6237  1889.8746  1948.5479  1972.144  2037.74  
919.3422  1741.0328  1753.2065  1782.4248  1963.969  1823.7802  1824.6106  1879.873  1908.9072  1958.9828  
889.9887  1730.4282  1839.468  1777.8062  2009.9592  2034.1198  1964.2227  1984.5212  1946.6237  1966.8604  
878.8804  1678.5042  1742.0284  1728.2134  1806.4462  1815.1462  1804.092  1852.249  1883.2804  1939.8038  
