792.1318  1494.7786  1685.4467  1699.4702  1803.0518  2091.3728  2127.0183  2112.049  2064.2957  1985.1191  
743.7844  1393.8016  1560.4166  1579.8097  1785.6646  1733.0376  1722.3348  1886.229  1959.9504  1880.4208  
761.8975  1357.0009  1774.1108  1742.676  1781.9941  1898.2976  1848.2657  1933.819  2012.7626  1933.4244  
735.8053  1363.572  1630.8632  1626.3843  1696.7944  1800.1182  1773.2292  1853.2979  1924.9948  1868.4976  
778.9395  1244.3059  1410.686  1441.7222  1546.406  1631.3562  1727.7186  1744.5153  1882.742  1770.6614  
772.5544  1377.6602  1485.9423  1621.679  1684.009  1716.5398  1743.091  1906.1216  1918.9888  1849.39  
749.3156  1346.7137  1582.9572  1592.9237  1797.4742  1943.3218  1905.4302  2131.6394  2154.703  2067.3284  
783.3748  1371.6715  1571.6134  1697.0668  1932.7719  1962.4462  2128.5234  2245.014  2379.43  2143.3513  
761.3264  1347.1356  1436.945  1563.4554  1686.274  1718.6022  1774.444  1875.7698  1908.8986  1795.3208  
832.3376  1444.513  1600.1598  1665.6711  1763.388  1676.0265  1714.3763  1775.5457  1854.7476  1800.834  
831.6283  1352.7032  1487.6166  1535.9362  1753.1259  1841.4166  1951.8558  2113.8047  2243.5715  2156.7148  
876.0082  1458.9967  1634.3727  1772.5704  1908.3314  1802.7318  1856.9781  1975.387  2035.8732  1985.1188  
774.7219  1367.7561  1563.094  1584.6105  1706.3352  1764.4976  1874.018  2115.3442  2085.7566  1916.0107  
794.5376  1467.229  1693.5768  1606.8179  1815.2954  1841.028  1811.8813  1902.6514  1956.3602  1831.18  
789.645  1424.592  1564.7806  1516.0457  1716.924  1934.404  1949.1788  2037.6262  2152.0024  1988.908  
822.3621  1458.1934  1578.3141  1584.5188  1708.648  1773.7854  1934.8608  2019.705  2041.7104  1932.9626  
841.9823  1411.5438  1491.0746  1651.2811  1729.2876  1879.5424  2076.0776  2086.0217  2127.691  2050.6199  
786.0072  1413.7363  1560.8458  1663.1763  1730.3188  1838.2944  1930.5328  1931.1066  1993.1312  1968.1196  
821.2576  1383.3059  1738.6064  1747.8564  1772.6652  1851.3608  1834.2657  1870.779  1868.5298  1831.8868  
767.4864  1497.2236  1653.1477  1620.507  1709.965  1847.471  1835.0555  2005.4727  2016.7384  1958.7058  
739.9518  1462.1375  1661.152  1864.0278  1908.1403  1942.876  1845.784  1980.7156  2072.7  2016.8785  
746.9168  1428.244  1628.7687  1725.1676  1793.3306  1885.9584  1950.1808  2087.5085  2202.2517  2078.6096  
794.305  1285.0029  1761.8228  1696.0319  1720.9578  1826.694  1826.0408  1964.6484  1990.884  1906.4648  
769.8423  1247.3217  1636.8726  1602.2759  1683.9736  1885.6218  2011.1237  2215.8308  2445.3718  2279.9185  
768.9264  1419.736  1726.0483  1627.9832  1712.8643  1785.7136  1784.4432  1933.2006  2038.2332  1838.9086  
827.4778  1450.746  1799.3568  1708.2332  1807.0626  1878.6208  1798.8016  1916.6678  1983.013  1906.9493  
825.0548  1322.4031  1538.6272  1574.3956  1629.1587  1680.731  1664.657  1782.9749  1864.035  1796.8116  
855.5582  1500.2853  1704.1898  1788.0808  1914.3184  1733.6676  1720.8928  1968.6458  1973.6993  1906.9294  
823.9346  1381.045  1564.8883  1562.3892  1891.3392  2209.7158  2243.0034  2524.8533  2379.0027  2198.1323  
815.4068  1315.8337  1645.486  1640.4346  1852.2876  1970.3102  2086.037  2168.4885  2325.836  2318.6504  
