842.1871  1160.2561  1243.5427  1519.279  1918.8752  2067.5269  2070.2131  1989.6779  2204.8445  2219.7468  
772.6192  1166.0995  1396.8914  1513.2883  1822.327  2040.639  2039.0638  2096.32  2220.9436  2143.7659  
758.9314  1240.3849  1556.6713  1558.3065  2149.4985  2158.3313  2369.3733  2461.5583  2724.252  2519.3804  
841.7376  1108.4966  1352.575  1591.4673  1783.4843  2115.4185  2122.257  2067.8435  2126.708  2114.1436  
714.3402  1116.7524  1292.5001  1458.6759  1732.2294  1951.668  2073.1028  2188.297  2308.6694  2313.678  
795.1723  1207.9015  1307.9347  1332.5316  1714.8584  1733.6066  1738.91  1881.624  2105.6902  1863.6324  
858.5908  1199.0543  1508.982  1574.0599  1856.723  2067.648  2167.5225  2273.9517  2422.9214  2090.6094  
826.3058  1270.7227  1810.2128  1806.0435  1812.6478  2120.7737  2158.5542  2363.335  2502.4026  2382.1802  
739.853  1024.1082  1270.5884  1398.8872  1744.504  1827.2115  1949.0394  1928.4008  2255.1638  2009.2986  
766.3302  1044.217  1319.2916  1372.4497  1735.334  1944.5  2026.5554  2269.3333  2198.9387  2159.6326  
829.3332  1094.9009  1385.4924  1485.0209  1772.7478  2145.3472  2292.216  2350.0237  2415.2039  2152.5151  
734.5744  1151.3558  1445.4803  1500.3495  1918.8202  2010.7156  1857.1138  2251.0896  2214.2334  2106.3042  
709.9178  1089.575  1262.9255  1473.787  1575.9138  1506.7728  1703.1694  1712.1938  1619.1681  1872.9948  
692.5149  1026.1499  1326.957  1510.7872  1576.3114  1873.8969  1951.1805  2186.0632  2141.418  1767.3424  
759.1576  1001.6401  1314.5103  1477.292  1788.9893  1870.6646  1847.6158  2258.294  2164.2393  2036.4333  
673.1753  1100.3148  1423.974  1208.2216  1632.0765  1680.6497  1867.1934  2170.5317  2281.5889  1998.205  
712.0094  1164.0225  1410.7771  1464.1469  1724.6304  1903.4146  1898.681  2002.2054  2156.144  1899.465  
867.4342  1248.5901  1517.0137  1594.3778  1975.861  1860.8436  2085.2842  2181.4482  2360.854  2153.9277  
762.0599  1241.0358  1442.0265  1545.4503  1837.8306  1969.7856  1933.7258  2143.8193  2218.6284  2034.8785  
756.5798  1128.1595  1651.4287  1701.8098  1863.4458  2049.5022  2150.7227  2210.8608  2402.1807  2210.9224  
732.692  1071.6274  1435.1584  1566.3657  1715.9257  1923.0134  1974.2546  2185.2815  2164.39  2151.891  
861.7251  1404.6284  1828.392  1797.4034  2110.5054  2205.251  2381.8323  2504.316  2429.7686  2322.154  
869.744  1151.2617  1349.1721  1337.6995  1808.996  2063.917  1998.9266  2197.0063  2221.6086  1774.9402  
741.7956  1146.0674  1231.0126  1326.7797  1708.3232  1798.4668  1852.5488  2302.6812  2168.8645  2036.673  
669.6941  993.2816  1277.2673  1401.8358  1610.8363  1747.4558  1951.8  1983.1276  2101.6213  1954.9574  
807.743  1142.9563  1330.1451  1487.6816  1747.4246  1703.7408  1825.9812  1993.192  2025.3468  1970.7819  
793.2931  1152.9099  1276.137  1470.6906  1781.0508  2106.8906  2050.6384  2320.3418  2391.427  2240.8596  
880.8347  1222.4991  1505.8208  1607.613  2041.059  2123.6008  2263.6643  2597.1086  2513.352  2311.8354  
771.4874  1029.6056  1272.5352  1441.0573  1508.789  1686.714  1722.857  2109.629  2077.706  1852.8267  
736.597  1085.4989  1197.8069  1286.2947  1596.16  1846.4274  2084.197  2244.3071  2393.726  2143.874  
