801.4488  1356.248  1464.767  1526.922  1618.4177  1676.9753  1579.8798  1666.4333  1799.3278  1773.562  
799.9626  1331.6809  1511.8464  1602.9622  1757.0273  1790.5928  1909.18  2254.0562  2374.9836  2390.3896  
713.2311  1241.9602  1468.4484  1657.9996  1622.1414  1686.0192  1740.1674  1992.638  2055.9756  2059.9028  
807.612  1335.2408  1484.9425  1534.1346  1633.9717  1818.3678  1888.2769  2049.8337  2056.2708  2003.1038  
739.0924  1363.6752  1518.9082  1734.7142  1918.7258  1906.6128  1797.7832  1949.095  1996.4536  2003.1978  
783.2494  1411.3451  1627.8881  1681.6068  1669.2339  1720.8732  1751.3716  1858.6832  1920.3812  1854.8044  
816.2506  1580.1964  1776.531  1603.142  1801.3358  1791.9493  1739.8024  1831.2438  1896.9583  1937.9937  
798.2558  1320.4883  1567.9626  1676.8485  1605.6812  1711.778  1661.9788  1781.9172  1926.0824  1842.446  
809.4164  1359.8835  1473.5804  1692.4078  1775.092  1812.4492  1905.6816  2022.841  2105.3425  2055.8096  
736.1516  1359.5068  1609.5691  1727.2938  1686.5496  1697.1166  1732.7692  1914.1357  2034.9965  1941.0533  
864.8719  1489.0289  1501.4169  1622.0061  1746.3646  1766.5594  1864.675  1772.4816  1958.6124  2201.991  
831.4217  1329.5712  1665.5061  1643.7152  1652.8195  1710.385  1731.3715  1811.475  1936.7048  1908.7039  
779.5056  1388.5886  1584.271  1605.8851  1727.3124  1848.7004  1842.2916  1902.6938  1898.6501  1930.0204  
826.0202  1322.598  1529.6573  1585.2682  1612.8462  1690.289  1711.7177  2012.0024  2086.5835  1968.2747  
784.5346  1330.752  1574.9563  1607.1517  1666.4902  1839.2062  1894.5804  2091.4727  2174.1187  2025.7642  
818.694  1436.7722  1520.7532  1575.5702  1616.6027  1737.2844  1760.0106  1872.3752  1894.0574  1827.7526  
823.2888  1476.5795  1691.1523  1703.6658  1658.521  1652.4153  1746.3804  1863.5972  1916.2084  1880.1346  
780.1095  1388.6334  1533.8818  1522.3564  1651.375  1711.5658  1734.7236  1899.1534  2020.0526  2038.5654  
742.7667  1275.5681  1493.1694  1518.4838  1555.0361  1647.2811  1645.637  1722.949  1908.3826  1880.6544  
765.2903  1305.9755  1516.6617  1682.9095  1792.995  1813.133  1759.1082  1915.2076  2074.1348  2054.5522  
816.9427  1384.8048  1461.7595  1528.8561  1673.7412  1905.555  2101.877  2288.353  2503.4402  2151.9304  
712.4546  1236.6039  1521.901  1658.5613  1641.5616  1697.1302  1599.4393  1635.4644  1801.3488  1829.0981  
786.3451  1355.622  1620.1066  1683.7275  1808.1094  1769.1936  1780.6584  1941.7286  2061.6848  1932.3214  
775.2326  1434.5591  1724.885  1707.2347  1705.2264  1771.7914  1774.5662  1934.6519  2076.2302  2045.1774  
813.1865  1203.2031  1456.3652  1514.2656  1602.7236  1709.6456  1713.9258  2083.905  2077.8657  2021.381  
746.3202  1318.9574  1529.5763  1601.4553  1747.2552  1751.073  1662.8647  1766.7006  1874.8162  1866.1908  
722.6751  1301.2872  1512.793  1742.4692  1893.3646  1880.7725  2040.7988  2106.644  1999.3951  2010.8018  
701.6787  1270.1765  1397.9531  1449.6686  1557.6769  1579.5468  1744.1016  1790.0972  1912.098  1870.1536  
757.2088  1392.7156  1682.5044  1606.1693  1682.7776  1726.977  1763.6536  1980.4338  2042.087  2256.2632  
810.3544  1263.9747  1433.2499  1560.403  1614.85  1763.3594  1689.7036  1907.6514  1939.6246  1979.069  
