469.4016  1486.4424  1875.4207  1667.4658  2073.9067  2066.0234  1912.7231  2032.8356  2051.6108  1950.1519  
321.9823  1561.6068  1624.3503  1980.695  2149.5308  2087.2588  2183.537  2108.0825  1998.5386  2053.2415  
280.2135  1512.3829  1680.9073  1794.3337  2006.054  2135.9075  2139.7236  2070.137  1953.0864  1816.9598  
291.5827  1440.3938  1785.3342  1963.5602  2199.7993  2222.7793  2153.743  2081.159  2102.255  2012.4991  
254.8774  1501.1167  1675.5204  1807.8898  2037.1368  1967.9208  1998.0059  2055.0479  1965.4844  1930.43  
329.2999  1302.8536  1767.244  1866.41  1894.9622  1989.7264  1880.1326  1856.4847  1895.9998  1825.1298  
183.8774  1379.8865  1606.4954  1887.487  1950.642  2156.5806  2144.4822  2015.6882  2112.1865  2220.0059  
267.6009  1429.915  1616.0653  1745.1093  1884.0009  1911.061  2023.3082  1996.6182  1961.0905  1999.4232  
309.5065  1254.5646  1536.8054  1633.1222  1698.5226  1871.2986  1956.0103  1844.0596  1928.4152  2031.4828  
304.3384  1417.4148  1729.6348  2014.1412  2141.0017  2147.1716  2177.608  2200.37  2176.333  2038.5662  
280.5816  1540.7933  1658.2565  1860.7518  1949.3643  1879.653  1957.9572  1939.675  1940.9902  1998.939  
337.3188  1437.3019  1636.2954  1921.1888  2138.2988  2166.0103  2202.6946  2072.3625  1972.9966  1931.3826  
305.9264  1540.299  1751.2524  2134.8557  2199.1091  2201.494  2103.3667  2175.8079  2103.8926  2081.9048  
331.813  1349.7314  1505.8568  1744.966  1673.4177  1857.877  1952.3008  2071.253  2006.4445  1885.6458  
283.1754  1459.3739  1547.1135  1779.4508  2099.9402  2192.277  2122.1785  2117.468  2167.459  2007.0942  
401.7869  1467.2052  1669.0839  1645.1066  1932.7819  2100.7056  2211.5232  2074.6052  2125.1729  2062.4412  
423.7127  1320.0187  1526.8478  1834.6519  1850.471  1975.1768  1934.8289  1956.0314  1907.8234  1848.112  
255.5336  1451.8348  1536.3689  1885.758  2075.8135  1994.6882  2053.0588  2004.366  2003.1097  2114.5305  
216.9462  1534.6058  1811.6216  2159.0745  2305.7341  2350.9456  2218.851  2160.3347  1993.082  1988.1316  
130.5465  1626.4515  1698.398  1923.1263  2298.7473  2098.2827  1971.9014  2314.6262  2202.0413  1982.7538  
282.0914  1485.0164  1691.9758  1670.4233  1923.3582  1878.8618  2015.4454  2011.892  1926.5408  1868.3903  
287.6711  1345.9637  1482.4855  1663.3123  1847.6246  1902.748  1951.1025  2034.637  2079.5967  2178.3896  
304.8664  1523.0017  1619.5074  1837.4908  2000.4996  2022.624  1950.2588  1869.3618  1824.3785  1771.815  
315.0259  1458.0042  1488.6349  1622.703  2029.0414  2019.444  1894.5624  2113.049  2089.057  2017.971  
294.4267  1389.865  1641.9111  1806.2604  1775.6285  1796.6354  1954.8082  1932.6685  1963.9158  1932.5898  
383.5751  1469.2324  1730.5844  2096.8975  1937.8531  2065.1184  2042.6451  2065.9565  1988.844  1937.6375  
316.2978  1746.063  1697.7747  2069.269  2240.8755  1932.4216  2113.3284  2115.1216  1915.6335  1974.2773  
262.6426  1424.2947  1453.2203  1744.3522  1982.832  1959.1484  1919.9644  1936.0728  1931.6588  1869.217  
265.4548  1472.9177  1661.3528  1961.5624  2159.97  1968.952  2197.4802  2284.2607  2157.228  2108.3987  
384.1516  1518.73  1510.9419  1694.4612  1905.1366  2221.3052  2284.395  2256.528  2138.0757  2249.256  
