679.763  1169.2175  1312.9224  1349.8761  1516.9508  1548.732  1570.3903  1572.7139  1609.8931  1638.4874  
850.0301  1206.5476  1248.9275  1336.4832  1455.3688  1464.7587  1521.1653  1530.7291  1579.4766  1585.0596  
730.0485  1261.281  1425.6617  1458.6138  1571.8484  1627.2887  1659.2551  1685.7158  1729.3296  1672.7952  
720.54  1122.8788  1293.4172  1381.923  1521.3816  1618.1185  1654.3636  1668.2318  1685.8022  1672.5498  
625.2994  1157.6438  1285.9661  1342.9117  1508.7693  1561.1973  1555.2587  1627.5215  1593.6975  1623.274  
933.3593  1316.2393  1343.6196  1382.9944  1548.6914  1547.7218  1611.7588  1612.146  1670.6725  1658.6713  
1004.6298  1406.8945  1461.4941  1492.6398  1560.7661  1680.9442  1679.3676  1743.0824  1696.4436  1684.4768  
989.4808  1294.8912  1505.4745  1395.8754  1579.3291  1646.5569  1642.8406  1643.9207  1693.0168  1762.3647  
762.5876  1183.4294  1280.3287  1354.0322  1433.2  1482.2504  1490.5507  1528.8231  1551.2815  1592.32  
703.185  1162.1155  1328.6024  1400.4004  1544.9539  1597.9537  1616.6964  1663.0143  1687.845  1703.2416  
725.929  1160.7606  1328.6232  1391.8533  1522.8691  1577.3497  1603.5449  1681.2826  1681.6868  1661.3201  
754.3942  1200.804  1326.6686  1410.1606  1572.2451  1611.5559  1624.6005  1682.1818  1708.1512  1710.4406  
620.5938  1186.5787  1329.8778  1382.4131  1532.0275  1613.3583  1621.9254  1665.3391  1661.8529  1653.4576  
782.6025  1189.7395  1326.0603  1404.6232  1576.7592  1572.916  1632.9406  1649.0402  1663.5251  1678.6694  
702.2415  1201.3408  1287.5651  1390.1835  1543.5945  1594.5245  1599.156  1670.9791  1677.5624  1650.756  
716.8526  1135.389  1307.163  1338.3438  1503.1171  1570.5288  1584.5532  1622.7866  1659.4559  1654.7429  
699.7376  1177.2133  1342.9183  1377.8508  1526.8064  1632.2324  1606.2238  1634.2316  1693.5326  1696.4692  
697.8764  1149.9518  1296.5293  1340.9639  1495.1355  1523.0729  1518.2468  1554.2242  1563.3585  1569.6882  
716.7414  1167.2347  1324.8839  1378.6974  1528.5753  1566.7365  1625.3987  1623.1731  1647.7651  1642.9987  
727.55  1156.9491  1292.927  1355.336  1489.9757  1538.5499  1571.6256  1630.4424  1657.1514  1675.4683  
734.4184  1083.3572  1252.2148  1327.7213  1452.7084  1518.2743  1535.9603  1636.0939  1613.7927  1604.3021  
997.4869  1435.2699  1476.6565  1404.0243  1546.072  1670.47  1701.2205  1714.4178  1800.103  1760.878  
762.9255  1228.3632  1361.7899  1452.1564  1607.355  1607.252  1628.7422  1708.5002  1714.0392  1722.1788  
645.135  1182.5289  1306.5844  1366.502  1548.9119  1561.0142  1610.8041  1637.8065  1652.1621  1670.6956  
635.393  1162.5789  1294.6389  1369.9783  1495.9299  1549.7498  1554.2357  1603.5529  1620.9797  1661.1691  
832.7735  1206.8677  1381.4862  1474.157  1598.0696  1606.7048  1628.57  1688.852  1664.1249  1631.4741  
664.4202  1135.627  1304.0579  1370.5631  1511.004  1573.5681  1611.0231  1645.4991  1644.4884  1688.4946  
789.7164  1263.3684  1462.8832  1458.8711  1575.8347  1662.4159  1676.221  1712.2386  1685.2302  1697.0818  
658.4126  1192.366  1307.3701  1350.7708  1526.9622  1550.3187  1615.4999  1620.1475  1654.3059  1675.1083  
707.2792  1118.8973  1211.8763  1295.9783  1422.7574  1478.6572  1505.5225  1627.5862  1598.1748  1617.7793  
