1369.3433  1623.454  1752.9373  1814.3488  1733.1191  1785.8376  1791.5248  1783.4048  1874.1006  2118.6433  
1601.7052  1666.3019  1764.1538  1773.353  1771.79  1898.3444  1807.2559  1926.995  1945.7552  2104.8135  
1840.4794  2167.8726  2073.1865  1953.9958  2028.2578  2119.4038  1978.2274  1961.8383  1879.4816  2077.9866  
1418.2982  1561.1875  1635.2422  1664.7938  1726.307  1690.8646  1675.6013  1812.3986  1808.587  1983.2808  
1515.9797  1909.4382  1937.5352  1910.2936  1926.3145  1891.231  1882.482  2022.4727  2228.3525  2102.7192  
1920.4902  2063.5505  2327.19  2506.2275  2072.651  2062.0781  2194.0981  2045.066  2060.1555  2174.438  
2173.9758  1840.6895  1788.9038  1836.16  2002.6614  1869.5479  1958.1514  1957.8322  1894.2375  2035.0533  
1383.9252  1748.3428  1905.982  2042.5767  1859.86  1921.7236  2024.8804  1972.762  2079.7195  2054.779  
1535.1383  1666.0199  1863.7438  1963.2686  1964.7476  1957.4294  1947.7078  1961.9117  2054.679  2161.4097  
1581.4135  2399.882  2757.044  2283.602  2381.4658  2350.4229  2159.0068  2421.301  2418.6443  2189.4397  
1403.3019  1763.7482  1900.5876  1880.4113  1997.737  2502.201  2216.4512  2253.521  2447.6028  2281.9814  
1553.3986  1679.2708  1720.9384  1699.9803  1752.4918  1787.0319  1774.5458  1862.3947  1943.5566  2059.4692  
1277.6282  1716.1398  1855.5518  2106.2476  2285.117  2244.384  2152.5117  2120.2434  1960.8954  2036.7416  
1324.5969  1709.9962  1886.8846  1776.4471  1807.3938  1889.631  2020.7684  2277.8945  2112.6067  2396.1433  
1454.4055  1685.7338  1845.5732  1928.6783  1854.2504  1872.7714  1915.8348  1931.4996  1990.8878  2092.3518  
1490.9309  1844.9672  2083.246  2066.411  2019.0968  1977.6914  2006.9521  2004.6438  2106.2458  2202.724  
1257.8987  1768.3134  1872.314  1850.7386  1755.169  1852.2028  2049.9058  1979.4132  1890.991  1891.3562  
1345.0027  1673.7817  1723.3813  1840.4998  1868.3942  1773.0388  1807.2754  1850.8969  1833.3414  1945.6758  
1360.8938  1649.0168  1771.7802  1829.5876  1827.955  1822.4156  2077.8088  2003.8522  2001.0153  2271.819  
1375.8457  1715.6187  1872.0157  2034.4716  1977.3446  2047.211  2113.0005  1984.5754  1822.2208  2035.2018  
1575.092  1811.2762  2113.0283  2041.7358  1893.8809  1920.8738  2114.6697  2086.2058  2134.7427  2358.2795  
1298.0519  1676.9854  1924.5356  1969.57  1838.766  1949.594  2107.4995  2047.5422  1968.617  2077.1362  
1258.606  1547.8954  1678.9888  1789.9113  1814.7087  1792.8386  1815.345  1883.7136  1879.9376  2004.6254  
1347.9672  1670.9803  1863.1116  1881.1093  1888.356  2024.0994  2028.2576  1980.1635  1906.2424  2022.9518  
1296.7515  1739.1486  1962.925  1967.024  2005.7231  1932.5201  1932.8  1977.344  1892.2885  2042.0212  
1647.873  2506.2673  2569.6858  2346.348  2616.5513  2632.654  2514.636  2579.4456  2838.7466  2837.172  
1305.0494  1615.6271  1748.843  1703.9814  1914.3876  1882.4482  1867.4766  1906.0112  1837.7198  1937.7584  
1315.41  1673.941  1743.4788  2028.8566  1939.1802  2013.3374  2176.837  2185.7437  2249.4895  2309.9897  
2165.943  2313.5193  2194.229  2441.138  2571.7375  2252.0234  2350.3918  2153.6843  1942.6176  2000.5927  
1367.5132  1736.2622  2107.6768  2035.22  2149.496  2170.5715  2099.6592  2129.6357  2075.5515  2050.5122  
