1123.0242  1585.4362  1709.3754  1846.1626  1839.251  1805.085  1876.4244  1862.8271  2035.878  2024.2412  
1296.5187  1832.699  1872.584  1840.66  1885.5824  1871.2192  1954.7177  2051.8955  2145.3125  2197.2068  
1105.0121  1617.0352  1740.2064  1638.07  1667.6207  1653.879  1774.4028  1776.2115  1845.0516  1840.0764  
1139.3555  1611.8264  1716.0154  1743.5978  1864.478  1776.4016  1916.2352  2271.7825  2163.6042  2173.6797  
1072.2709  1579.7406  1681.779  1588.7708  1759.3298  1793.351  1800.7347  1792.529  1917.076  2061.7192  
1196.0522  1530.8806  1594.1222  1576.5643  1695.5088  1747.8333  1755.4128  1692.1772  1776.4822  1923.4799  
1259.5077  1581.542  1613.1917  1629.0916  1677.7694  1685.6635  1769.2584  1804.6982  1811.8  1987.1012  
1125.0621  1590.8096  1697.0952  1666.8169  1697.5507  1762.7336  1766.5771  1772.9882  1743.4686  1894.1036  
1361.7156  2053.632  1940.3436  1765.38  1817.9158  1666.9105  1706.481  1795.1375  1762.0662  1898.998  
1145.0575  1663.1107  1740.5048  1626.7556  1705.3444  1693.6125  1832.7646  1838.6396  1844.6353  1924.7822  
1368.8856  1718.9572  1699.3674  1805.9722  1881.546  1793.3632  1794.9766  1810.5958  1733.8962  1869.7133  
1259.0461  1763.9788  1936.1932  1994.885  2229.3333  2061.2097  1968.039  2013.9274  1950.9232  1951.0201  
1264.1865  1607.6217  1661.4021  1662.913  1752.9614  1708.3914  1706.5996  1770.5582  1746.8646  1840.0652  
1922.1266  2050.1096  1905.7744  1920.4778  1722.1636  1696.1478  1813.2246  1848.6156  1877.6237  2344.0552  
1099.8765  1510.3046  1600.9226  1624.6934  1674.6852  1689.862  1733.5162  1739.4792  1775.8884  1908.8414  
1346.3888  1549.6368  1616.263  1654.5646  1678.3376  1668.7012  1973.8306  2009.941  1988.223  2215.1338  
1196.2551  1863.5704  1944.6152  2212.7317  2898.54  2755.4988  2561.4812  2519.228  2060.5276  2106.5554  
1433.331  1787.9106  1977.0269  2080.2227  2060.5894  2019.302  1982.6447  1985.6514  1897.6388  2023.7146  
1142.4874  1642.969  1772.7524  1802.0844  1878.5414  1797.5514  1880.0332  1913.3356  1890.7607  1959.8442  
1245.7771  1783.3022  1838.5076  1787.7253  1903.8398  2171.8447  2211.0542  2175.506  1946.3954  1893.334  
1181.1387  1659.3076  1726.1666  1659.8529  1654.8977  1713.0225  1828.0754  1805.3864  1758.7365  1849.0284  
1373.4458  1817.5498  1988.5306  1977.1174  2043.6128  2027.1942  2127.214  2093.899  1948.3691  2062.2473  
1294.0865  1820.2988  2058.623  2150.6763  2282.6357  2354.7632  2018.6064  2166.2837  2185.3823  2274.265  
1257.4226  1576.376  1778.9257  1799.2236  1797.8812  1713.681  1973.212  2007.8212  1911.634  1970.6266  
1329.4769  1852.0502  2221.2605  2377.1104  2536.789  2992.6604  2830.4897  2318.1794  1967.2136  1989.842  
1107.7473  1544.3308  1683.0538  1645.661  1698.4148  1877.617  1879.6425  1884.6993  1821.08  1885.5936  
1193.8754  1530.3187  1611.8936  1570.7778  1639.2948  1703.4666  1768.0135  1773.5762  1768.0916  1895.097  
1119.4021  1627.0942  1639.5227  1650.5568  1749.6757  1656.381  1661.0457  1677.7932  1631.5938  1731.352  
1216.9276  1556.6385  1587.7168  1594.353  1637.18  1734.7952  1799.9514  1808.7452  1873.2714  1982.436  
1313.3503  1562.4476  1544.7992  1649.4982  1721.1917  1784.3951  1996.576  2073.9897  2037.623  1986.4382  
