1169.9417  1548.5006  1559.7288  1642.0457  1627.8942  1605.6848  1647.2579  1795.7252  1932.598  1937.2416  
1391.2778  1846.7136  1719.1296  1634.9624  1667.136  1582.2007  1673.9454  1702.0404  1678.971  1836.4592  
1198.1859  1647.449  1700.1254  1606.8287  1646.8696  1677.4495  1747.9498  1810.071  1862.2552  1957.807  
1315.399  1821.9382  1936.267  2135.26  2068.3394  1846.5612  1716.9893  1846.5883  1906.4128  1982.285  
1129.1031  1531.8074  1601.1696  1618.72  1672.4359  1703.9565  1852.3142  2008.1833  2046.4758  2164.202  
1417.0576  1873.9781  2016.332  2136.9695  2171.2378  1872.9392  1628.653  1616.2534  1625.6321  1815.902  
1119.6514  1505.2852  1577.746  1587.5302  1700.6786  1719.6208  1730.1144  1736.2834  1695.8853  1854.6514  
1137.567  1679.4468  1691.4948  1694.4333  1701.4135  1606.2936  1671.1755  1768.4382  1775.7206  1908.5107  
1361.0192  1668.0132  1691.4001  1659.051  1835.215  1703.9064  1708.7697  1765.6093  1782.982  1848.8724  
1094.3826  1586.2722  1706.967  1865.8876  2118.8992  2064.3496  2784.5664  2376.0745  2084.8357  2639.6934  
1107.7515  1769.4064  1817.6034  1741.337  1803.5632  1808.1882  1777.6066  1806.951  1892.694  2042.4066  
1123.0634  1797.8428  1596.2487  1610.8802  1811.2114  1730.6718  1761.1385  1816.1292  1865.3232  1978.9712  
1091.2826  1577.8018  1651.156  1775.9318  1859.575  1740.9124  1660.4695  1707.472  1720.784  1936.1846  
1360.8767  1585.7372  1706.148  1800.2358  1839.4188  1959.5178  2046.86  1901.4792  1881.1774  1989.5336  
1165.5972  1545.3824  1639.8495  1578.8062  1608.889  1600.1141  1690.1378  1771.9688  1804.2917  1927.6166  
1492.2662  1805.8997  1803.0865  1783.5164  1791.913  1632.801  1731.727  1829.1707  1942.5927  2154.8972  
1074.1063  1462.3688  1500.7474  1485.3483  1551.8441  1474.8318  1533.0436  1652.9957  1686.743  1870.8907  
1120.1201  1746.081  1757.4882  1628.8868  1666.6265  1913.0966  2278.8523  2037.4702  1976.7795  2131.3755  
1086.9823  1499.3475  1645.2014  1773.3835  1804.811  1657.4432  1694.0483  1810.0334  2009.0516  2123.082  
1118.8611  1700.8472  1848.2482  1914.8575  1964.8484  1804.0994  1895.0646  1769.6761  1818.0372  1911.452  
1216.273  1730.548  1761.457  1808.8672  1896.647  1797.7913  1727.2017  1760.7982  1919.1097  2198.8357  
1497.2363  1940.759  1792.2253  1776.0548  1754.7122  1773.9594  1760.7876  1839.8442  1905.3502  2018.372  
1058.554  1627.1896  1854.6058  1812.653  1741.308  1659.8955  1756.2454  1758.0842  1814.444  1968.8282  
1154.1222  1536.674  1683.7946  1736.0927  2017.5662  2169.8342  2188.635  2144.9792  2063.8713  2113.415  
1174.6316  1524.827  1498.6421  1669.7006  1748.3364  1676.9001  1700.4664  1753.492  1808.444  1969.0273  
1158.2312  1798.114  2007.2004  2108.5964  1900.144  1876.6228  1829.3682  1810.9056  1895.6184  1939.719  
1086.0358  1509.6488  1553.1967  1593.3323  1779.9731  1990.916  1876.358  1765.6334  1641.7019  1837.3969  
1131.2814  1659.3156  1801.4404  1840.0972  1867.894  1682.2898  1755.2244  1734.4114  1748.0356  1902.1416  
1869.4708  2163.6213  2030.5916  2139.573  2197.2844  2549.2402  3098.8462  2992.9106  2792.6272  2640.817  
1115.6608  1536.0609  1617.8517  1656.0376  1875.481  1921.108  1827.856  1915.4586  1964.5886  2045.598  
1169.3651  1871.2478  2383.7239  2510.2217  2700.6892  2559.2397  2187.8062  2290.8848  2342.6082  2321.9934  
1431.5659  1730.0018  1845.7034  2096.5208  2125.251  2194.582  2220.7146  2088.533  1938.2114  1996.3834  
1269.3065  1773.6738  1690.2554  1645.3846  1713.4987  1773.6573  1808.653  1891.8542  1977.6884  2004.2078  
1092.0396  1542.8878  1597.4478  1590.8027  1632.6139  1609.2386  1648.1171  1736.5292  1814.4628  1975.1428  
