
1218.5707  1721.3768  1620.4885  1667.7887  1756.6044  1926.5204  1800.7018  1695.2972  1805.3544  1881.2603  
1344.7317  1677.1637  1779.5977  1790.915  1883.6982  1721.1917  1746.025  1746.0518  1790.5192  1922.4368  
1118.2218  1604.7598  1823.9396  1648.8809  1813.4902  1881.728  1839.6313  1734.0668  1754.5662  1952.9254  
1625.137  1916.36  1961.8702  1920.9816  2079.9333  2071.627  1952.2086  2170.8694  2372.035  2619.331  
1216.3864  1834.4032  2166.6926  2370.8042  2518.4697  2553.9749  2504.6394  2339.9924  2065.7773  2057.7925  
1184.6868  1793.3406  1921.9656  2066.2874  2127.4885  2198.6868  2081.3796  1941.002  1967.277  2011.9138  
1372.2023  1852.9498  1751.1226  1648.7019  1695.2786  1671.3259  1696.4482  1871.1008  2352.6575  2532.4575  
1414.1385  1575.4022  1675.5928  1710.6414  1718.173  1709.4928  1772.6572  1782.7646  1955.7722  2000.9136  
1303.7103  1917.3184  1990.7112  2004.252  2035.6462  2004.1729  1940.5756  1938.4486  1938.4445  2146.5596  
1005.997  1590.999  1661.1901  1622.4441  1625.3306  1599.1285  1693.6132  1643.5282  1672.5319  1785.3062  
1164.0128  1719.8997  1770.6896  1681.8306  1696.0085  1699.4658  1766.6125  1785.4684  1869.3083  1920.1248  
1236.518  1693.5248  1727.8198  1618.0177  1672.9108  1676.0555  1722.8835  1799.45  1915.6519  1992.801  
1143.0461  1563.8618  1595.4198  1583.4103  1641.6506  1551.174  1685.5059  1708.9662  1731.0872  1841.9135  
1113.7351  1589.944  1746.4832  1932.4712  2262.059  2099.6125  1891.0457  2055.6677  2237.7837  2363.342  
1129.4208  1748.2299  1665.8716  1667.9926  1728.4915  1779.5304  1767.1276  1826.3221  1896.3951  1982.8885  
1269.4012  1683.1923  1937.5667  1854.9636  1754.5172  1662.5723  1684.1514  1795.1044  1810.1078  1884.2612  
1201.5804  1755.3042  1718.9489  1748.3474  1722.264  1703.362  1720.8958  1723.31  1767.1447  1864.8868  
1038.8767  1644.4265  1760.7102  1601.8529  1566.2592  1560.7056  1639.2716  1708.6412  1780.3625  1899.3312  
1683.8842  1844.911  1917.4192  1771.7056  1813.241  1896.3848  1985.8145  2103.8765  2317.4873  2522.0312  
1321.0187  1795.6698  1795.7726  1785.7864  1864.8658  1887.1407  1986.5435  2032.3278  2103.4075  2378.1753  
1089.2308  1486.5453  1587.0321  1713.4117  1798.482  1875.778  1958.8455  1786.6996  1819.1814  2173.771  
1196.7446  1679.6692  1754.461  1761.9906  1782.3597  1818.3374  1899.495  1988.7115  1881.8748  1943.4766  
1280.0262  2087.5269  2140.9363  1932.7648  1786.7314  1721.4937  1887.9705  1946.4753  1902.8687  1950.4792  
1288.3696  1876.9362  2006.0834  2035.4644  2025.5417  1958.478  1876.9568  1908.7166  1948.3674  2095.269  
1295.774  1813.8182  2169.7317  1893.5956  1709.0706  1742.147  1837.3792  1804.8282  1832.6384  1875.5999  
1287.7142  1778.216  1902.305  2054.906  2126.2249  2067.4243  2205.2114  2220.653  1925.697  2032.231  
1196.1495  1706.1522  1809.9677  1850.2374  1927.9327  1881.9786  1825.5286  1761.0984  1828.1428  1976.4001  
1040.4164  1565.285  1635.7567  1651.6144  1619.7761  1689.7562  1724.9302  1661.0454  1739.5728  1830.1864  
1253.0386  1685.7268  1701.35  1659.438  1701.0717  1637.4966  1721.16  1839.3318  2067.009  2318.6133  
1044.5573  1596.9614  1696.5734  1705.0062  1823.0192  1741.311  1725.7412  1860.612  1797.7302  1994.9418  
