394.1401  1732.602  2059.7412  2144.6167  2393.7202  2466.9873  2523.728  2642.3474  2649.1355  2743.1184  
302.7702  1780.852  2089.2195  2139.641  2354.8984  2413.3208  2498.734  2616.5217  2646.7412  2729.605  
365.4247  1821.3536  2094.8691  2168.0251  2434.781  2569.0452  2617.0298  2737.5732  2778.9958  2796.217  
266.9704  1826.7288  2112.275  2270.6028  2535.4714  2706.1208  2730.5308  2807.716  2867.3901  2880.7332  
381.9867  1806.7458  2083.9626  2121.753  2354.653  2443.5447  2481.8655  2636.591  2665.1248  2715.4165  
359.1857  1711.236  1934.9539  2099.8042  2291.981  2299.2454  2414.5122  2499.2888  2528.68  2720.9443  
315.5654  1791.8358  2081.8967  2125.5662  2368.0852  2456.2212  2493.2063  2645.0679  2675.404  2702.0093  
394.4902  1776.4076  2133.8794  2158.915  2442.6072  2537.308  2656.8896  2793.362  2825.3577  2794.0608  
360.6886  1760.7874  2109.74  2186.2856  2377.183  2473.7712  2543.1978  2608.3718  2639.8276  2751.6665  
358.1874  1837.606  2128.3467  2268.488  2368.4385  2481.7803  2533.67  2665.0427  2685.78  2748.0823  
311.2619  1742.688  2004.491  2088.151  2312.1067  2400.064  2488.8372  2573.412  2566.4817  2678.7239  
318.3033  1779.4102  2088.2368  2210.6655  2418.2427  2543.7307  2595.6587  2649.9946  2778.6118  2827.071  
365.3057  1700.9847  2014.3318  2176.0667  2287.1797  2368.9736  2496.97  2601.9326  2594.898  2662.1335  
387.185  1816.6708  2130.739  2226.092  2429.1985  2545.2197  2609.3845  2741.2446  2693.7073  2770.2058  
345.1226  1766.1545  1993.1866  2100.5234  2257.985  2335.6274  2454.761  2584.5383  2604.8828  2722.861  
314.6599  1750.6066  2013.8405  2136.6865  2332.8613  2466.6946  2545.2676  2612.7424  2646.874  2658.1782  
375.5719  1726.5286  2047.4166  2123.987  2310.438  2400.3293  2507.4038  2585.3184  2642.8875  2715.5742  
326.2387  1757.2836  2060.1372  2131.4583  2346.575  2407.1985  2545.267  2618.5566  2663.1162  2823.3406  
479.6444  1779.1716  2047.701  2125.6338  2378.8154  2476.4924  2608.5432  2702.0354  2661.386  2782.9097  
308.1694  1758.2594  2012.3998  2178.563  2380.586  2403.2947  2526.7258  2596.3684  2663.1238  2752.1458  
337.8968  1757.4323  2024.5126  2111.6814  2366.7437  2436.496  2531.5789  2592.5425  2637.7507  2711.9717  
382.4457  1805.267  2094.175  2160.183  2375.4185  2477.8147  2521.4717  2643.6719  2695.0918  2737.9048  
290.7733  1771.2828  2042.5135  2148.565  2334.5562  2421.492  2564.4539  2637.4136  2683.4595  2744.1604  
364.5282  1749.4426  2041.9288  2132.1387  2334.0645  2389.4707  2465.9546  2599.325  2648.6921  2675.1204  
327.449  1722.8754  2006.237  2139.8018  2347.4048  2365.647  2472.7693  2569.9946  2608.1433  2646.23  
302.1154  1790.5566  2088.2332  2222.9756  2441.3604  2524.355  2622.9004  2728.9893  2700.4297  2748.476  
393.6816  1814.4941  2075.6619  2146.0024  2374.6084  2416.2754  2577.8696  2665.3184  2669.9658  2777.2278  
322.3203  1853.7648  2166.4053  2291.9438  2494.0005  2569.0457  2707.8296  2699.394  2798.1301  2946.707  
274.9162  1766.8276  2065.6575  2144.725  2303.3718  2370.8567  2500.0105  2563.7534  2581.18  2721.5278  
398.784  1762.352  2097.658  2188.9512  2375.3987  2428.502  2590.1667  2705.2363  2713.0671  2779.7964  
