1479.4657  1923.5479  1897.2177  1775.828  1813.6528  1953.9518  2190.134  2249.759  2229.8584  2419.2615  
1128.3497  1555.2013  1617.7006  1646.981  1674.7968  1602.4788  1818.3444  1948.5098  1816.002  1843.5756  
1138.718  1744.8594  1970.409  1771.3763  1767.4958  2098.7285  1979.7062  2001.3632  2157.485  2389.9143  
1158.179  1628.4215  1605.0786  1612.626  1764.8322  1746.9396  1841.367  1920.5958  1904.4604  2049.0686  
1569.7396  1714.9442  1672.4839  1687.9532  1797.9222  1890.793  1849.9915  1872.2094  1930.4496  1957.723  
1193.115  1809.1779  2049.1746  1883.6523  1869.2922  1999.5902  1994.117  1935.4618  2094.0864  2166.3574  
1105.4559  1779.2778  1935.7728  1989.876  2055.7002  1858.5573  1843.1072  2010.1536  2231.759  2342.9832  
1179.4137  1717.8762  1888.629  1916.9246  2109.0078  2249.1677  2162.916  2381.0518  2539.8938  2816.4822  
1149.9412  1519.7854  1665.6449  1678.001  1797.2152  1787.8934  1858.8944  1901.3868  1897.7004  2027.1761  
1133.1111  1772.9912  1994.5732  1955.7253  1889.293  1631.8693  1685.189  1762.2316  1900.6812  1966.2491  
1104.9807  1507.2786  1631.1465  1693.4812  1753.6313  1712.473  1747.3538  1777.7316  1793.4786  1992.5166  
1044.0219  1533.3821  1544.0696  1523.8372  1590.6685  1615.1118  1728.4355  1696.9493  1766.54  1922.3524  
1113.7782  1558.2991  1607.7716  1631.0552  1672.1339  1614.136  1710.2664  1709.3105  1765.0482  1855.6508  
1345.6908  1701.5586  1882.6003  1887.5739  2273.6064  2249.0935  2069.8237  2193.1877  2313.6682  2486.4639  
1152.6901  1631.4376  1659.9937  1638.6437  1803.6752  1752.5464  1718.442  1838.7115  1898.5098  2046.465  
1149.9081  1555.5015  1559.439  1602.9241  1613.4329  1612.082  1751.784  1850.1025  1821.1  1946.2751  
1132.4957  1595.6451  1886.7635  1834.1362  1874.7468  1802.6708  1690.8892  1816.9722  1772.3254  1905.3267  
1171.7122  1562.5238  1704.2574  1683.363  1691.5254  1821.79  2038.7694  2003.8212  1919.0354  1910.505  
1051.1029  1873.7148  1988.1992  1859.5768  1798.8264  1729.0818  1898.9724  1965.4312  2039.596  2097.8064  
1305.5452  2044.249  2371.519  2120.0803  2217.2927  2328.2463  2110.7302  2150.2205  2211.9465  2397.2449  
1128.3931  1644.5787  1716.8696  1699.1385  1746.7736  1842.0424  1795.3984  1875.1058  1904.5378  1984.6434  
1233.8368  2016.575  2396.4094  2087.4297  1812.4196  1852.5345  1997.415  1953.7856  1978.6827  2093.8604  
1155.043  1601.492  1689.2576  1602.5913  1650.0107  1731.774  1800.0074  1889.7366  1841.4612  1890.2072  
1183.4712  1584.6204  1644.9363  1715.677  1785.0288  1962.1259  1940.7957  1880.1542  1917.7552  2026.95  
1143.6818  1498.4803  1609.1747  1564.6677  1665.3966  1655.4062  1720.534  1730.6472  1816.3136  1980.5862  
1131.6794  1565.382  1718.862  1769.9023  1764.6375  1748.5461  1797.3708  1795.7867  1733.9698  1870.3152  
1166.9108  1671.3215  1929.1868  1842.379  2026.7538  2117.6357  1905.0654  1913.6  1894.5266  2009.4954  
1132.8859  1585.8702  1552.1566  1598.002  1728.8572  1751.0574  1749.7886  1745.9886  1892.3702  2037.5452  
1125.6575  1728.983  1872.5632  1881.8691  1891.9274  1673.013  1868.7834  1686.2042  1737.1196  1902.2635  
1216.2921  1528.1907  1574.8196  1672.4316  1683.8518  1737.633  1909.1594  1852.947  1904.4972  2082.776  
