1368.3955  1757.075  1915.8148  1827.4648  1737.3038  1806.9042  2023.0988  1993.1194  1862.6342  1942.8853  
1153.921  1552.5193  1735.6302  1764.7948  1741.8516  1702.7736  1765.3553  1768.1613  1769.2952  1879.6804  
1236.2048  1681.0242  1754.5815  1687.7516  1810.4904  2042.6855  2270.3882  2346.6  2315.2024  2289.067  
1098.8588  1499.8577  1604.5751  1656.3877  1685.7224  1668.92  1743.2446  1808.6714  1889.3552  2041.5931  
1111.1558  1578.782  1702.8274  1627.6754  1671.6024  1728.0936  1772.9056  1928.2244  2012.4728  1998.7242  
1338.4695  1708.2563  1805.5812  1931.2957  1874.0328  1851.2083  2021.3096  1993.9578  2072.1448  2238.4387  
1331.3806  1724.0314  1603.353  1643.721  1669.8129  1786.5604  1804.1064  1756.4332  1822.2657  1905.1724  
1412.1893  1888.7804  2058.746  1982.1252  2119.226  2213.3127  2236.5642  2277.6914  2214.6929  2110.3083  
1156.3411  1528.9384  1689.9924  1751.2448  1813.3616  1790.1656  1823.1802  2029.2675  2197.748  2355.2556  
1268.8667  1535.637  1570.8002  1632.1538  1646.9216  1681.3538  1663.691  1832.67  2060.6567  2337.7827  
1098.4895  1459.4512  1521.3599  1653.012  1672.6483  1624.0691  1640.3696  1685.752  1741.7896  1931.1052  
1245.1997  1725.7852  1728.9705  1651.2328  1686.2354  1695.8744  1788.7114  1985.4224  1893.2424  1921.93  
1031.5446  1474.4221  1571.893  1545.3541  1609.1614  1594.4269  1682.1976  1647.8564  1594.471  1773.7992  
1236.3191  1551.1722  1670.7861  1662.4764  1833.0  1666.8661  1720.8378  1760.1274  1982.1102  2302.9343  
1078.0654  1633.638  1723.2026  1649.2799  1820.3499  1802.6888  1787.202  1825.622  1947.5175  2043.4154  
1159.5199  1547.6758  1614.7046  1613.9742  1683.6298  1708.8232  1893.4048  1815.5288  1846.284  1937.9976  
1273.707  1719.1626  1704.696  1664.1643  1752.7836  1763.855  1825.0404  1954.129  1916.0286  1967.3262  
1030.4347  1489.8798  1531.9985  1538.0502  1644.3359  1676.8617  1646.55  1691.4028  1765.8806  1839.2974  
1080.1047  1568.9315  1690.6866  1732.2675  1749.1532  1698.5153  1741.494  1725.1166  1760.012  1889.8702  
1496.6432  1639.957  1673.6987  1683.7456  1877.4279  1948.2972  1820.5406  1810.9956  1823.087  1886.4296  
1122.2151  1661.213  1725.1382  1717.7946  1991.4498  2189.133  1824.7672  1812.3206  1884.85  2023.887  
1128.631  1521.9733  1672.4537  1796.9712  1711.3082  1694.58  1828.647  1867.0676  1887.0175  2242.655  
1243.0007  1511.2552  1549.6863  1604.9636  1657.1097  1626.0464  1675.2861  1726.3333  1671.0186  1770.1814  
1129.1838  1797.3136  1804.147  1915.9888  2193.8801  1972.6143  1924.3274  1955.906  1891.044  1989.4862  
1239.4258  1929.15  2157.529  2015.3494  2179.06  2178.269  1986.377  2022.6064  1890.993  1853.103  
1326.934  1663.5773  1551.6572  1574.3982  1653.5939  1696.6412  1661.3188  1659.9972  1760.8116  1948.6761  
1109.4498  1571.1356  1599.9022  1625.0273  1676.9032  1945.7854  2004.1115  1973.2961  1992.532  1988.5598  
1221.7657  1523.2783  1514.9796  1491.0709  1504.3289  1562.9103  1644.8739  1706.0529  1751.1534  1785.2566  
1120.5421  1564.465  1569.3633  1561.2256  1671.4067  1780.9146  1910.5868  1899.2454  1831.5616  1913.6958  
1189.3059  2072.9294  1958.5739  1862.986  1752.0085  1733.0887  1731.6832  1920.7682  2207.0098  2371.25  
