1080.0562  1855.5999  1937.2938  1951.3934  2058.1067  1971.264  1964.9076  1954.502  2014.7394  2039.1266  
1101.842  1823.153  1800.5264  1781.0793  1844.444  1840.4268  1848.8732  1925.3665  1933.2936  2108.0757  
1116.527  1833.1404  1909.1904  1975.3337  1968.5004  2138.1199  2055.6953  2083.8606  2223.5264  2190.9  
1098.5045  1729.5323  1834.3502  1857.9064  1799.9238  1836.147  1891.938  1872.6646  1891.3558  1977.12  
1163.41  1726.8997  1860.2784  1848.8636  1861.6729  1890.2043  1913.9858  1911.9753  1965.5302  2018.1191  
1140.307  1809.499  1853.2288  1808.2795  1833.6586  1874.5938  1933.5392  1920.2142  1929.2078  2064.1946  
1202.7123  1943.1854  2002.5676  2025.9073  2047.3806  2026.3684  1959.2938  1978.8536  2071.4734  2139.5186  
1174.2069  1855.8014  1913.032  1892.5184  1934.645  1907.9296  1934.1652  1929.1886  1929.3284  2033.5573  
1367.7838  1792.686  1890.2322  1848.8678  1874.2181  1895.0916  2010.371  2019.429  2046.2606  2117.3118  
1192.216  1854.1215  1896.0914  1793.6783  1855.7115  1945.4764  1989.2935  2020.8928  2012.2384  2117.6401  
1055.95  1758.3624  1777.7126  1708.1516  1845.4705  1974.9496  1969.1716  1940.3662  1916.0588  2024.1838  
1148.0863  1805.8654  1808.4978  1788.3044  1879.708  1908.3318  2023.2404  1993.8326  2115.8105  2050.4656  
1156.1455  1806.2482  1846.0222  1783.6388  1823.4498  1840.5466  2020.7762  2000.2792  1984.8809  2052.267  
1117.6378  1872.019  1943.4875  1888.9941  1943.5771  1872.0826  1935.3126  1940.6284  1961.3134  2075.9116  
1133.4148  1795.4418  1845.2938  1817.4467  1808.6648  1903.6998  1924.1366  1928.2014  2018.3748  2172.5735  
1067.9231  1742.2994  1793.049  1718.863  1804.1877  1809.758  1891.9158  1871.5018  1863.9702  2002.4918  
1175.8528  1866.9026  1916.6237  1852.3252  1886.3186  1956.2936  1953.4464  1933.0692  2065.7544  2096.7532  
1108.1936  1816.2188  1920.7563  1762.7382  1792.902  1880.6876  1926.5198  1901.1237  1919.5269  2026.2812  
1138.535  1847.1666  1861.8254  1746.5284  1769.9192  1791.2172  1889.5605  1834.6014  1869.1758  1937.512  
1122.2319  1762.202  1842.186  1752.3344  1822.74  1873.4937  1933.9906  1962.9906  1954.5035  2025.981  
1105.4417  1836.6794  1795.8082  1764.9614  1874.253  1849.2692  1885.441  1916.3862  1930.052  2024.0955  
1157.1995  1836.7678  1896.809  1866.9427  1963.8782  2009.5278  1965.4114  1916.9662  2008.9167  2182.6086  
1235.7047  1825.6833  1922.7426  1863.6711  1906.0364  1944.6416  2002.077  2057.3496  1983.1512  2177.6753  
1294.8405  1828.4552  1833.8997  1776.5718  1801.8536  1885.601  2011.0583  2160.0256  2094.6357  2147.9722  
1122.3589  1818.5225  1851.231  1828.5502  2085.4326  2027.7844  1965.523  1998.4965  1960.8011  2098.3428  
1117.0116  1765.7012  1808.6746  1696.716  1802.0623  1818.7137  1868.3606  1855.2552  1935.2196  2051.9385  
1134.4211  1796.6501  1871.3644  1889.2946  1900.4229  1926.854  2015.225  1939.7396  1949.0673  1963.7762  
1190.6553  1865.1254  1968.2983  1846.6573  1915.7274  1909.123  1945.8962  1904.742  1930.5594  2057.3787  
1126.0437  1773.8348  1851.549  1853.2638  1848.6667  1931.269  2002.2836  1952.025  1981.6882  2156.8555  
1083.3552  1730.0186  1758.5338  1769.3142  1898.6158  1972.6254  1962.89  1897.2382  1911.8208  2070.8682  
