1455.74  2104.8706  2317.9712  2432.0935  2623.3252  2685.6824  2637.2568  2554.3042  2477.1123  2497.1887  
1493.1566  2073.7708  2297.241  2394.9954  2543.8801  2622.351  2586.7458  2558.4224  2526.74  2554.7478  
1429.8292  1935.4163  2047.0638  1934.9626  2007.5176  2044.8278  2027.6572  2004.8239  1973.2415  2073.344  
1295.6155  1921.0518  2021.8416  2026.7646  2055.0198  2082.723  2081.0376  2070.216  2064.5515  2138.536  
1216.2037  1936.2288  2018.6967  1984.3098  2049.1099  2101.4321  2104.5186  2139.1064  2121.8848  2223.5083  
1718.2845  2195.6152  2334.26  2341.6726  2412.8005  2469.4387  2435.3726  2501.5256  2507.7622  2640.519  
1455.7368  2018.3029  2180.393  2129.6006  2153.856  2173.061  2171.2734  2194.4194  2136.9197  2181.731  
1370.1174  2017.9094  2116.891  2152.296  2213.0847  2219.3767  2191.4514  2191.0845  2198.6113  2280.15  
1354.8871  1906.3763  1979.1685  1966.5172  2047.3636  2051.0798  2054.0278  2092.7869  2073.6343  2109.105  
1564.0485  2015.4144  2248.2725  2252.3247  2355.4746  2452.14  2399.4646  2310.8083  2259.245  2310.7163  
1516.2744  2009.1708  2142.196  2072.181  2132.529  2145.2  2129.298  2174.8215  2163.0635  2197.1543  
1279.4756  1909.9156  2010.116  1930.4524  1965.5188  2031.251  2027.3162  2047.2128  2086.2314  2198.0725  
1493.858  2010.5468  2098.167  2028.0488  2021.0258  2065.0322  2078.5117  2099.419  2026.2874  2086.2466  
1369.8854  1896.8124  2016.081  1990.0048  2061.9993  2122.2556  2107.4233  2138.8406  2166.3032  2299.7927  
1354.5161  1919.4048  1983.3785  1930.7212  1939.0413  1950.0416  1978.4354  1988.4312  1916.476  2037.2084  
1383.9169  2006.5164  2174.9167  2165.044  2212.09  2236.176  2162.352  2184.2336  2168.102  2184.1587  
1387.5518  2021.3774  2303.051  2540.2969  2881.4673  3019.3408  3029.8882  2995.584  2998.6885  3019.51  
1462.1998  2046.3024  2193.1968  2136.4248  2268.9211  2390.3591  2433.3987  2494.5925  2514.315  2619.6084  
1460.9031  2026.7654  2199.0667  2163.4536  2235.9822  2292.0715  2269.4265  2282.0747  2273.6523  2379.606  
1721.1542  2176.289  2244.6697  2221.8167  2271.6575  2273.5593  2214.9456  2189.5955  2183.0166  2307.877  
1531.3688  1953.7275  2015.9392  1984.434  2075.932  2126.9358  2126.0095  2121.3633  2097.8938  2156.57  
1308.5848  1987.7017  2159.5652  2120.1423  2130.0127  2133.1772  2114.0896  2128.0383  2138.846  2251.6038  
1558.9664  2127.859  2335.7773  2354.1807  2401.5242  2381.932  2348.4614  2304.6714  2266.149  2325.6562  
1411.7107  1937.6025  2026.555  1941.3688  1989.0367  1991.0306  1962.9686  1975.9382  2026.2776  2144.7642  
1324.1283  1872.534  1983.903  1922.6356  1931.69  1925.505  1910.0316  1927.6663  1918.0358  2047.9467  
1370.4772  1869.8354  1943.7048  1888.055  1919.6635  1954.1497  1941.7736  1941.1898  1905.6974  2002.649  
1314.4893  1899.9246  1966.2604  1939.2397  1999.8508  2033.2416  2057.5547  2120.9844  2098.0278  2185.6807  
1611.6051  2023.0004  2107.7495  2046.3885  2132.4854  2188.431  2204.5837  2254.1335  2243.1892  2352.6475  
1505.4083  2032.6558  2180.5085  2249.8855  2364.1252  2392.952  2340.5286  2334.83  2271.5063  2369.9077  
1514.2452  2040.7675  2210.2654  2219.7656  2293.5684  2331.0671  2290.581  2265.7607  2250.1665  2280.9434  
