1273.8048  1926.4944  2096.6436  2204.1282  2334.4126  2351.731  2346.07  2138.7634  2096.0945  2212.8503  
1303.4917  1880.6926  1923.6284  1867.8722  1856.5358  1868.0035  1929.0887  1951.5464  1964.2181  2079.539  
1427.0565  2052.6619  2236.142  2096.6743  2136.9023  2103.9214  2015.7432  2060.541  2102.3972  2085.876  
1636.5544  2439.0857  2585.6692  2290.7446  2049.1943  2063.1885  2193.3281  2152.4717  2199.9268  2354.1707  
1279.3187  1896.7698  2005.7275  1995.6068  2126.6416  2090.4148  2167.7366  2226.1306  2293.642  2407.9104  
1225.822  1767.5848  1857.098  1803.1152  1921.2513  1966.5248  2142.8706  2243.4604  2362.7783  2389.4465  
1360.4009  2022.0112  2048.3467  1874.1594  1921.3  1858.9448  1971.815  2098.6113  2120.1636  2197.095  
1191.5051  1764.5582  1809.205  1797.8988  1929.5812  1984.7998  1989.3907  1987.7136  2075.3718  2216.8425  
1357.5858  2123.097  2246.027  2085.683  2128.2297  1945.7882  1913.3774  1936.8708  1927.341  1977.5032  
1433.9236  2326.2046  2670.464  2283.696  2330.7046  2385.175  2493.1848  2548.9612  2544.8813  2731.6453  
1402.469  1932.0999  2026.7678  2188.2546  2438.2578  2404.614  2374.6104  2149.7803  2102.8938  2184.7725  
1450.4807  2085.0627  2309.2886  2291.2844  2356.1333  2181.8213  2094.4036  2133.6978  2145.8933  2263.9219  
1326.1698  1930.4852  2087.9094  2189.6135  2243.8098  2263.403  2287.4136  2393.1577  2332.978  2406.8909  
1488.1357  2196.4612  2428.336  2399.1304  2447.3418  2306.6948  2014.3628  1930.787  1946.8715  2022.955  
1303.7722  1864.7823  1877.4094  1899.6028  2021.5604  2008.2188  2071.2837  2058.1338  2005.0616  2101.668  
1163.2698  1809.5546  2010.7948  2002.3243  1975.3408  2063.3333  2153.3367  2121.1663  2227.248  2258.514  
1401.9734  2102.0747  2111.4148  2005.064  1952.9606  2073.8003  2256.5452  2383.9114  2389.2046  2550.6677  
1260.88  1932.0104  2121.4387  2239.3167  2260.3408  2216.468  2372.1753  2269.2996  2211.7605  2246.6345  
1350.7472  1795.1748  1853.8434  1840.2408  1960.5972  2099.223  2165.5444  2188.8655  2149.5186  2109.6123  
1416.938  1943.8925  2041.0815  1891.5494  1897.1562  1953.4211  2000.293  1983.8468  2005.2174  2065.113  
1207.4347  1764.0206  1864.9834  1818.1448  1917.4427  1958.2734  2051.74  2038.7634  2027.84  2139.1404  
1506.4757  1825.7646  1825.161  1790.4784  1860.0756  1894.5106  1983.0818  2026.3156  2061.1162  2112.5083  
1355.8861  1812.1246  2021.0468  1900.4637  1923.612  1951.7312  1963.3007  1957.6006  1997.351  2043.6375  
1408.7223  1996.0908  2114.781  2212.2773  2210.597  2131.9155  2098.0864  2130.1797  2148.6323  2145.168  
1189.5529  1711.304  1767.4094  1733.1215  1838.5576  1924.0532  1949.07  1935.935  1926.9058  2068.3762  
1273.1378  1802.566  1925.861  1890.2653  2098.5288  2163.139  2227.2478  2349.155  2302.8254  2313.6162  
1271.7203  1905.0815  2122.5073  2331.7043  2336.4868  2288.355  2125.831  1967.3882  2079.8186  2192.4705  
1562.4297  2550.0957  2571.4724  2402.806  2623.9805  2491.717  2214.1758  2373.2449  2345.697  2358.9775  
1318.2758  1777.2446  1857.5988  1819.5212  1896.356  1902.8969  1938.7904  1981.9058  1978.3436  2087.6506  
1342.4115  1707.994  1802.4188  1784.513  1860.9622  1864.7246  1910.0546  1972.246  1937.6259  2037.117  
