324.0079  1486.8538  1494.457  1972.0234  1869.9001  2079.247  2306.6516  2313.3533  2410.1172  2042.0256  
330.8796  1399.4564  1621.8391  1813.8625  1889.3356  2186.8474  2462.1233  2371.6587  2655.22  2612.4321  
260.8434  1416.7769  1712.9468  1738.7324  1810.525  1929.624  2042.827  2045.8436  1922.8195  2027.7668  
186.5595  1422.2593  1860.431  2162.0107  2062.9683  2157.182  2302.5186  2210.8289  2205.8154  2040.159  
460.4594  1684.148  1956.852  1741.5276  2102.8047  2326.2166  2059.1204  1955.5564  2030.1711  2032.6616  
240.1231  1269.2192  1497.684  1808.8384  1895.2476  2294.8987  2259.0981  2139.6335  2209.7761  2128.3833  
522.5384  1649.0587  1926.6093  2416.472  2515.5298  2316.4724  2224.661  2019.7844  2242.0679  1810.5344  
334.2959  1420.88  2333.737  1769.103  1896.0358  2603.9478  2148.0098  2218.011  2075.4062  1807.608  
377.78  1456.487  1788.8596  1984.3632  2171.1536  2479.9277  2497.8577  2271.2012  2127.952  2147.0432  
341.7588  1252.0524  1722.9254  1648.1244  1772.5833  2157.515  1966.3202  2082.6042  2062.1555  1937.7358  
184.8331  1792.9232  1965.8912  1978.8958  2046.5616  2169.0452  2262.2427  2186.6194  2238.9822  2549.1777  
243.5582  1282.4016  1669.2599  2028.0548  2128.4111  2257.6606  2427.0674  2340.5332  2176.8696  2124.0933  
306.1014  1254.6846  1356.9974  1559.7184  1666.3478  2168.0444  2124.0244  1976.813  2051.7815  1987.9796  
387.8926  1575.3367  1633.4355  1611.8613  1910.7286  2071.454  2004.2628  2020.2562  2200.399  1979.3177  
330.8782  1394.3619  1524.8761  1749.0398  1851.3224  2123.6238  2314.9219  2131.1824  2283.4458  2169.488  
346.7173  1468.7018  1512.6058  1969.686  1885.9736  2013.4941  2079.1785  2028.1794  2026.0864  2046.8842  
265.5448  1510.0244  1643.1348  1763.2416  2104.8662  2328.3977  2409.554  2235.6094  2128.3086  2037.2786  
375.3283  1464.7429  1738.1638  1907.9922  2319.2122  2274.863  2202.7356  2154.43  2011.563  1942.0906  
391.482  1519.3505  1791.4274  1825.7538  2060.5422  2257.112  2266.9287  2152.4841  2104.7632  2127.268  
348.2744  1280.1316  1725.6425  1827.1332  2121.286  2302.7366  2315.2444  2325.2542  2160.5688  2191.2363  
264.2931  1428.2478  1597.8567  1771.7924  2057.437  2466.9749  2531.6755  2396.2974  2476.0671  2195.102  
316.5422  1293.8544  1526.5769  2006.2598  2029.4396  2077.2632  2310.0417  2297.8958  2096.9155  2073.541  
280.7024  1390.5729  1549.482  1690.8444  2029.72  2116.271  1928.684  2050.058  2020.8834  2052.8455  
391.5326  1281.0941  1542.3973  1853.151  1954.1948  2074.5764  2084.2327  2214.651  2230.5266  2038.1604  
247.0019  1346.5327  1496.3033  1653.491  1938.6862  2033.8298  2162.638  2207.4253  2123.2026  2172.458  
249.9291  1373.1226  1621.3788  1798.566  2066.9824  1918.4332  1881.3284  2126.292  2338.989  2198.3047  
280.59  1926.2214  1888.1768  2301.554  2372.3818  2635.7344  2649.738  2303.5981  2487.9783  2443.5325  
193.0423  1343.9987  1406.3763  1784.9816  1977.796  1930.5918  2038.0996  2032.2914  1891.109  2001.0063  
309.492  1435.426  1877.7144  1852.2231  1929.3906  2254.8616  2258.433  2312.4216  2130.0066  2257.2  
429.1183  1715.6976  1743.3593  1901.5558  1870.799  2171.227  2171.78  2117.0457  2111.1907  2389.8762  
