1214.6699  1404.8899  1565.8069  1871.2836  2109.0142  2125.2195  2287.0916  2090.6292  2132.736  2273.2522  
1195.7944  1475.9988  1697.4106  1747.6366  1876.1658  2067.8323  2207.283  2158.1113  2240.8198  2231.18  
1058.6088  1266.9137  1580.2448  1660.3147  1854.3073  2040.779  2091.6118  2009.4606  2093.791  2101.8848  
1147.1466  1412.7208  1705.1462  1863.2394  1809.7264  2024.5778  2112.9607  1941.1993  2063.3054  2118.4575  
1124.3069  1328.6492  1488.6829  1630.5459  1748.189  1938.3306  1930.5414  2015.2334  2135.9053  2099.0815  
1169.2932  1349.4143  1504.433  1655.7556  1938.4261  1986.3912  2036.4362  2206.2783  2242.5686  2248.6472  
1141.8055  1353.5212  1583.6583  1953.1064  1918.3145  1920.467  2010.5172  1990.2222  1949.79  1919.2214  
1229.5992  1375.9376  1609.7788  1798.1202  2089.196  2176.196  2220.2798  2343.41  2370.0945  2317.093  
1168.3931  1371.3391  1422.79  1689.6562  1823.3218  2036.3342  2074.8071  2121.7307  2394.1177  2311.0894  
1166.5238  1331.46  1506.7384  1694.6438  1716.2634  1759.1802  1827.5837  1809.5364  1948.0461  1956.6075  
1190.9874  1282.2152  1453.2664  1669.5775  1761.4941  1800.18  1904.027  1946.8208  1946.3796  2025.2396  
1101.63  1546.5131  1824.6125  1984.5946  2037.2026  2041.3951  2085.263  2012.1816  2030.275  2010.53  
1157.3052  1348.9572  1631.5425  1599.098  1694.928  1768.3986  1934.5964  1997.4368  1969.6237  2078.3123  
1179.871  1606.3422  1654.1241  1825.908  1858.457  1868.561  2108.444  2288.9707  2241.006  2107.6436  
1087.8778  1429.9807  1704.9637  1803.0793  1881.1254  2023.3405  2085.4692  2079.0403  2301.7551  2347.646  
1125.5778  1321.1464  1485.1366  1621.9429  1747.2712  1843.4938  1942.9758  1907.8516  2015.4648  2137.305  
1206.8224  1236.6685  1564.9493  1874.025  1848.3514  2033.0457  2318.4485  2188.1272  2212.9578  2378.129  
1219.9067  1472.8408  1716.2306  1792.814  1945.2275  2012.1278  2035.2736  2216.7288  2177.8555  2085.2664  
1151.1754  1467.2872  1670.472  1749.723  1835.777  1922.8218  1955.7386  2153.8367  2316.1187  2230.702  
1303.2673  1555.2607  1749.0568  1765.235  2002.3481  1887.8486  1983.3593  2040.218  2158.1733  2099.5918  
1218.3229  1450.9984  1612.1455  1804.4188  1723.5385  1923.3782  2163.3892  2067.1726  2272.8567  2355.7815  
1195.2184  1395.662  1725.9705  1760.9644  1750.652  2018.0068  2042.3442  2041.258  2268.3801  2234.837  
1314.4244  1477.1508  1773.4941  1893.3477  2010.2426  1931.8011  1942.4238  2062.0793  2066.653  2098.416  
1155.5347  1377.5627  1634.279  1861.629  1858.3052  2092.1865  2205.6282  2046.6072  2238.8164  2205.2334  
1230.54  1283.0189  1485.8501  1814.4414  1951.3248  1828.368  1967.2844  1986.7802  2119.7122  2112.5002  
1178.6216  1328.27  1597.1376  1770.976  1703.0363  1776.1318  1977.883  1891.9092  1927.398  2066.1526  
1159.3535  1371.1827  1644.2583  1732.2177  1855.5212  1985.6036  1971.9023  1941.3096  2086.4558  2190.5925  
1244.2411  1447.2047  1623.3387  1790.9904  1790.4058  1844.984  2003.7052  2092.2598  2150.3303  2065.225  
1062.9948  1311.8331  1566.3497  1785.8828  1981.3464  1994.7845  2009.5996  2095.2637  2046.0916  2001.8262  
1216.0674  1557.8821  1828.2812  2008.0562  2099.2751  2011.8636  2156.888  2182.4353  2093.7222  2009.3462  
