1144.8948  1493.5339  1637.826  1551.9442  1716.8044  1904.8759  1910.6104  1986.5532  2124.174  2264.856  
1117.7795  1359.1134  1537.6298  1761.9966  1833.902  1984.823  2036.3958  2053.8079  2017.1191  2010.0743  
1201.1302  1505.8954  1746.496  1811.8499  1818.6862  1917.3118  2157.1853  2166.9846  2216.9915  2228.594  
1110.8278  1386.4618  1700.5135  1776.7006  1865.9476  1841.5739  1841.6882  1848.1066  1882.3312  1940.1733  
1170.2351  1377.8331  1491.6592  1745.9932  1801.2258  1840.9796  1991.4768  2049.4285  2088.3125  2270.532  
1075.8341  1546.6636  1681.266  1627.3245  1741.0082  1787.3198  1837.6046  1974.8052  2001.3948  2106.519  
1167.8629  1636.0171  1866.2238  1880.4023  1789.5554  1917.0016  2043.019  1963.6154  2101.0642  2108.3845  
1221.7517  1564.9219  1668.4077  1886.8102  1944.1326  1959.9968  1987.2706  1910.79  1936.4794  2016.1348  
1084.6924  1468.4894  1813.9543  1668.7155  1787.3932  2011.9114  2069.8306  2107.6772  2118.9155  2009.3741  
1172.5602  1428.1088  1605.1165  1660.1841  1746.2773  1958.3932  2051.7834  2158.708  2138.3728  2140.292  
1104.1584  1523.7817  1658.9832  1678.0035  1758.1923  1847.4508  2002.506  1979.5046  2017.6222  2036.3082  
1199.3967  1478.0149  1598.0215  1578.4935  1855.397  1953.0135  2110.798  2322.595  2304.6584  2472.5627  
1187.1039  1413.187  1573.2726  1739.2162  1840.8438  1856.5676  2002.0516  2026.599  2153.0674  2294.3953  
1167.4457  1363.2489  1685.4417  1747.3978  1727.9896  1857.8853  1932.3998  2057.3296  2153.2288  2090.1643  
1199.927  1681.0026  2024.7437  2083.8662  1940.7166  1840.2542  1856.1962  1990.6128  2008.8444  2033.983  
1123.0332  1531.379  1853.8844  1909.6125  1772.8398  1767.4244  1865.8168  1916.8986  2060.1108  2076.978  
1265.6973  1732.737  1991.5458  1816.8378  1821.1976  1963.11  1945.0092  1899.6946  2036.6462  2145.4834  
1204.0605  1675.6328  1849.877  1673.8716  1667.8097  1801.4144  1889.849  1908.4216  2068.3486  2106.4536  
1335.0077  1690.2404  1878.21  1855.1946  1826.7844  1959.5494  1993.4614  1890.3848  2033.3552  2083.886  
1192.7457  1357.0612  1720.3074  1688.7347  1743.4283  1926.5186  2121.3652  2164.0603  2141.6904  2151.8367  
1148.8495  1394.2827  1668.3304  1755.6816  1825.5446  1879.945  1879.6622  2052.5837  2196.9197  2213.342  
1086.9963  1368.7579  1571.8268  1631.4243  1803.021  1788.048  1889.852  2008.232  2058.3833  2086.4028  
1147.9742  1526.4204  1880.9554  1891.6226  1922.3138  2002.7898  1927.0024  1908.2178  2029.2114  2100.1519  
1118.6976  1543.7385  1920.846  2056.776  1943.3174  1971.0544  1937.72  2142.1753  2204.3616  2107.3481  
1108.719  1455.4324  1596.3479  1684.2614  1849.45  1933.9006  2143.2263  2185.797  2306.1643  2299.734  
1070.1227  1574.5874  1798.4368  1794.944  1831.3752  1940.3992  1940.5436  1936.9705  2024.2388  2013.707  
1041.0612  1350.107  1587.272  1710.3105  1807.0258  1917.3804  2037.2078  2133.916  2240.0662  2277.8862  
1173.9698  1476.2935  1691.752  1810.0062  1780.267  1783.439  1878.7437  2013.5568  2136.668  2088.1062  
1167.0103  1368.0479  1729.8474  1756.3712  1751.5062  1805.4384  1963.736  1953.6646  2002.2552  2104.4094  
1081.0583  1561.6895  1930.0702  2065.9656  1956.4452  1904.3246  1915.3406  1909.5052  2014.2728  2027.8864  
