  
1577.9661  1937.9884  2180.0002  2369.7012  2412.235  2458.184  2483.6472  2455.4746  2558.3088  2613.0437  
1585.1702  1934.523  2153.7417  2248.9004  2377.3154  2422.66  2504.2488  2527.972  2519.8748  2592.3838  
1564.1521  2132.9858  2393.232  2310.4932  2432.6042  2543.311  2522.4707  2545.0327  2552.2292  2661.67  
1904.117  2321.7168  2428.4004  2552.5024  2725.5686  2720.5693  2732.6897  2893.6216  2977.2722  3100.1226  
1507.4897  2014.7936  2410.5461  2728.0962  2848.5461  2889.267  2944.1555  2857.0684  2727.569  2712.5598  
1524.3776  2033.9492  2369.0957  2518.173  2594.8965  2779.3127  2770.0159  2686.977  2803.8147  2725.351  
1651.0326  2093.1084  2104.8203  2137.8682  2261.869  2307.8235  2353.0364  2586.4045  2953.0857  3164.1765  
1660.0895  2102.9363  2187.2603  2265.2844  2380.1387  2462.7146  2471.684  2591.7559  2757.9578  2699.3198  
1593.6772  2178.3242  2316.1008  2470.679  2516.738  2611.1162  2646.8772  2611.595  2699.7876  2825.5134  
1441.8231  1851.7062  2076.6616  2132.6567  2199.084  2334.702  2514.8555  2652.7185  2684.7444  2881.8442  
1539.4121  2025.3444  2198.6653  2315.005  2391.1619  2504.717  2645.0972  2686.9636  2785.4287  2786.4321  
1612.34  2019.1038  2237.3997  2215.4922  2205.3447  2261.569  2385.8677  2482.7979  2646.5156  2661.2583  
1494.2585  1991.2834  2102.0234  2131.0564  2308.489  2320.6216  2365.8037  2563.1362  2521.4724  2582.4485  
1442.4364  2041.0594  2298.7742  2496.8035  2721.2974  2601.7302  2579.3628  2672.6997  2777.084  2792.0735  
1515.0927  2075.394  2189.6511  2142.701  2241.1257  2336.385  2464.5957  2594.1467  2811.1467  2791.5203  
1660.1836  2102.4487  2378.8223  2312.1035  2343.3096  2306.422  2315.6099  2533.3367  2575.296  2580.3699  
1584.9453  2036.272  2214.0425  2175.3547  2204.8035  2434.0645  2569.263  2560.9714  2744.253  2834.1619  
1481.4788  2045.5254  2378.8213  2395.1594  2330.07  2447.5203  2611.9421  2712.1304  2783.3384  2794.017  
1869.7058  2133.42  2264.529  2218.4727  2353.6306  2544.7217  2792.769  2865.0737  3057.81  3270.1873  
1675.8962  2170.2205  2201.9756  2308.855  2417.0654  2468.5325  2599.869  2625.5793  2743.124  2944.4033  
1527.7563  1969.556  2105.0083  2278.5017  2402.155  2419.8455  2575.018  2509.3555  2577.4624  2852.9  
1566.9967  2142.5686  2373.1045  2520.2488  2573.9775  2596.5537  2694.4053  2768.5383  2742.6199  2734.0166  
1614.7736  2321.7764  2638.6128  2558.806  2406.5076  2424.9194  2630.9377  2772.0784  2801.3508  2695.9543  
1729.017  2377.5505  2601.423  2780.9407  2712.7979  2656.761  2699.7878  2744.1567  2830.0657  2943.8435  
1508.303  1948.1464  2290.2559  2336.8381  2314.663  2399.3127  2621.3147  2628.579  2728.222  2752.0999  
1648.9675  2068.2903  2299.6147  2505.5452  2581.888  2729.581  2901.2124  2897.7964  2733.9333  2751.3809  
1511.8353  2057.926  2207.5803  2255.981  2372.2893  2434.4702  2532.6172  2481.1938  2610.7432  2676.4893  
1521.7501  2022.962  2258.4685  2299.776  2417.3657  2604.7698  2692.8406  2674.3245  2726.9106  2632.5825  
1605.7502  1911.7086  2146.2397  2167.0063  2219.3728  2401.0125  2612.1938  2725.6401  2911.1536  3018.379  
1446.7744  2000.59  2170.3694  2298.7021  2442.6328  2455.8547  2451.9187  2546.3687  2628.8147  2765.4536  
