1179.1096  1479.0792  1716.9186  1881.1136  2022.627  2127.8733  2218.4202  2280.8428  2332.439  2382.8728  
1302.2107  1603.2587  1882.9302  2090.1545  2234.9175  2325.7024  2375.875  2384.556  2371.2456  2351.632  
1290.3441  1605.6699  1744.6526  1862.0726  1971.6624  2011.7532  2103.7405  2134.5176  2221.499  2270.2507  
1153.1626  1421.5728  1674.032  1816.1006  1974.0962  2032.315  2092.7395  2173.3503  2171.7876  2192.3574  
1241.2163  1595.8314  1765.9546  1861.4318  1938.7526  2017.8124  2062.0444  2107.6777  2135.3396  2126.7017  
1158.3119  1413.4677  1556.1348  1780.2118  1986.8522  2138.2715  2276.9563  2400.7344  2451.5583  2478.3591  
1184.5878  1541.9823  1690.9576  1766.4758  1948.6147  2057.954  2130.206  2188.6663  2204.5933  2169.1667  
1228.0815  1434.0028  1583.6556  1775.5338  1861.9902  1903.4194  2006.4408  2015.1072  2022.744  2090.7295  
1185.652  1517.5803  1674.2798  1677.3164  1781.0464  1871.4677  1918.8364  1951.2996  2048.3562  2080.0874  
1157.5956  1499.9277  1777.2292  1875.069  1915.3665  1967.2864  2008.0272  2027.4366  2064.1309  2085.598  
1152.1306  1380.7755  1562.2267  1666.378  1766.7098  1854.201  1953.6927  1972.8584  2013.2936  2076.3823  
1222.3038  1583.012  1810.1451  1902.2692  1938.7454  1994.6042  2080.3977  2101.45  2159.4585  2207.3281  
1124.1631  1504.5084  1778.1285  1930.691  2049.8809  2142.6914  2208.9868  2252.9324  2307.4565  2322.2368  
1209.03  1628.0094  1781.4323  1906.424  2019.0922  2113.8132  2213.6667  2257.0286  2302.861  2326.0386  
1166.5121  1405.0792  1635.2325  1730.0367  1853.7784  1891.6248  1974.0284  2046.127  2090.7168  2126.1848  
1383.9729  1640.9913  1837.1044  1948.095  2030.4542  2117.752  2165.0508  2188.236  2211.597  2202.3198  
1281.0426  1541.0792  1628.6333  1681.2402  1713.7764  1700.1642  1745.5712  1769.871  1780.5059  1834.4652  
1298.343  1622.0231  1882.5312  2005.1892  2110.4666  2154.6409  2159.5415  2205.2996  2243.9592  2265.6384  
1057.5663  1402.3094  1680.2896  1844.152  1956.1816  2062.0159  2162.976  2171.9277  2250.207  2317.6956  
1175.2244  1384.0828  1529.1783  1653.6917  1806.5062  1907.1274  1994.8318  2085.532  2130.083  2168.3435  
1010.0601  1398.9541  1689.9698  1858.8304  2002.8481  2076.8003  2147.967  2193.8105  2210.6301  2214.9875  
1223.097  1568.6128  1762.8932  1902.1964  2036.9644  2140.7307  2210.3782  2227.1682  2259.6777  2241.035  
1171.1118  1486.1383  1555.263  1657.334  1774.139  1862.6356  2020.418  2123.5  2186.896  2234.0369  
1238.456  1525.3279  1606.3762  1664.331  1802.0148  1870.0623  1998.1438  2101.8242  2188.3154  2269.2625  
1207.2103  1493.3556  1692.7646  1810.1309  1942.6124  2051.79  2114.8257  2145.3672  2188.938  2171.429  
1196.8776  1553.735  1703.5721  1822.162  1927.1464  1996.2054  2102.6394  2122.0325  2167.9414  2211.7917  
1207.5531  1834.4738  1873.2958  1892.2644  1929.7094  1936.8276  2019.1564  2073.0007  2070.536  2080.3315  
1099.3936  1374.7404  1529.6666  1705.8092  1891.585  1944.759  2009.8643  2092.2056  2090.0051  2092.4304  
1241.6251  1526.3008  1709.0673  1757.449  1862.8217  1984.1025  2092.3936  2144.8606  2217.007  2262.7427  
1130.3735  1402.7494  1546.382  1597.8673  1703.4658  1761.1688  1803.8154  1918.68  2010.1292  2053.201  
