1039.8999  1466.8573  1657.8986  1763.095  1946.1536  1918.6586  1950.9095  1918.1542  2080.268  2142.1567  
1094.4008  1949.5134  2220.5044  1855.5413  1901.9781  2006.708  2015.9362  2162.0881  2116.6804  2115.2244  
1056.9517  1718.6833  1778.7126  1730.617  1874.9508  1847.9843  1988.2986  1954.4536  1941.133  1983.6876  
1207.152  1464.5703  1753.4476  1845.2098  1658.1952  1770.7867  1875.6438  1917.552  2086.1096  2125.13  
1088.9574  1415.9515  1605.4055  1642.2594  1761.712  1786.9694  1961.3276  1991.3596  2121.2085  2175.734  
1138.316  1609.9158  1770.899  1804.6954  1944.5782  2026.617  2114.278  2296.5837  2261.9854  2218.8027  
1165.4183  1453.4908  1597.8868  1691.0248  1890.923  2003.6678  2025.6746  2108.2905  2254.3281  2141.1472  
1028.5725  1358.1945  1470.5854  1570.0414  1729.373  1861.8934  1963.9681  2007.238  2129.585  2106.5718  
1143.3468  1742.555  1990.2174  1862.809  1966.5074  2056.9958  2136.4114  2264.4111  2284.1008  2354.627  
1123.6608  1420.0559  1721.509  1727.672  1892.8844  1954.0645  2000.709  1972.468  2022.9377  2054.9802  
1087.6797  1481.0623  1663.6709  1774.7524  1725.613  1837.7039  1859.049  1944.7513  2088.2773  2057.356  
1137.8677  1392.9915  1623.7489  1553.2969  1656.473  1690.1613  1822.6492  1888.8848  2061.3735  2037.926  
1118.5627  1327.4752  1490.6008  1471.2194  1506.5581  1769.6152  1863.5444  1972.3848  2123.1182  2086.6084  
1126.8909  1475.4103  1816.1824  1973.2725  1820.0782  1891.4576  2003.107  2104.3882  2159.735  2112.8384  
1164.296  1394.0598  1605.4507  1667.2736  1762.0364  1736.01  1794.9578  1897.5292  1983.6652  2021.7465  
1071.9175  1684.4218  1826.9355  1728.4642  1957.8221  2128.2192  2265.207  2320.944  2392.4014  2299.4265  
1111.8142  1511.2416  1682.521  1699.7916  1698.1945  1734.7126  1882.796  1941.0887  2028.247  2141.6833  
1139.7328  1627.8418  1844.5417  1697.7657  1791.7863  1931.6022  1888.658  1999.6501  2064.6558  2044.2773  
1213.2393  1433.1492  1588.8152  1694.5858  1759.4802  1788.4987  1858.1702  1917.9338  2064.7773  2069.4028  
1159.086  1545.1129  1848.0972  1800.855  1816.8666  1898.1732  1949.4674  2167.3555  2304.2012  2132.0583  
1149.1124  1355.1733  1714.2084  1715.873  1762.4655  1955.2509  1988.0626  2036.6042  2166.92  2167.4102  
1171.7615  1316.6353  1521.1927  1773.8033  1778.2576  1971.6978  2107.1545  2157.9075  2214.2605  2157.4902  
1116.9092  1421.0288  1729.232  1697.8988  1774.4888  1876.1368  1937.6927  2047.462  2159.8037  2087.5305  
1211.0431  1370.8018  1624.4674  1614.5352  1655.1239  1764.3654  1886.3156  1955.0833  2084.1272  2050.7893  
1035.8114  1329.538  1499.2744  1597.3678  1635.8853  1763.5676  1984.9753  2048.4866  2227.3455  2117.1206  
1212.3403  1570.7123  1669.2499  1755.5442  1842.6362  1937.0908  2094.7937  2150.002  2239.1226  2317.0015  
1215.3464  1506.0845  1707.7532  1813.049  1838.3672  1906.8308  1963.2657  1980.2618  2083.4104  1966.3248  
1122.2196  1592.8142  1819.7542  1738.2004  1734.3315  1819.5476  1873.837  2024.1366  2174.073  2173.1292  
1185.5388  1625.3503  1772.5914  1825.848  1946.9008  2064.417  2250.3708  2315.306  2316.7354  2259.7207  
1090.1489  1565.996  1949.4384  2017.2432  2171.967  2126.1694  2204.181  2164.1458  2239.1836  2178.724  
