1708.6136  2138.4683  2278.638  2348.892  2372.1626  2571.8313  2948.3025  3017.5073  2996.244  3029.5847  
1567.0591  1919.0542  2286.6775  2477.791  2523.7056  2350.958  2500.5693  2601.94  2544.2217  2448.707  
1523.7069  2037.9692  2308.2976  2288.969  2323.8572  2699.3906  2608.4246  2676.5215  2880.2803  2983.3245  
1512.8771  2227.33  2361.407  2340.1426  2592.5383  2718.2249  2687.613  2703.8955  2661.3152  2752.5088  
1742.7106  1933.2678  2140.2031  2333.5059  2444.0303  2607.4402  2602.6997  2578.729  2696.131  2700.741  
1505.6389  2078.6504  2393.569  2308.2734  2330.8076  2527.0022  2622.8909  2552.2673  2654.8574  2634.1948  
1583.1693  2093.2175  2378.615  2514.1404  2615.6533  2508.6738  2650.7207  2670.4026  2811.8035  2961.286  
1493.1638  2096.2266  2359.2812  2414.3372  2753.2744  2923.2244  2838.1006  2966.8345  3095.5984  3282.9448  
1529.3331  2004.7308  2211.095  2308.0906  2276.0176  2402.8481  2612.3923  2596.044  2658.4607  2858.164  
1625.6891  2194.0469  2577.904  2651.6729  2686.4766  2594.6028  2610.124  2651.4692  2697.35  2736.7795  
1599.8121  1980.8824  2297.3416  2437.4219  2434.574  2539.6208  2596.279  2569.1516  2654.8274  2664.8818  
1557.7709  2090.4792  2353.424  2284.8455  2356.6387  2449.3735  2540.1355  2577.1135  2698.5928  2771.4458  
1449.9409  1888.0918  2077.9834  2224.692  2187.3096  2260.8  2381.6206  2356.1233  2385.5027  2508.8882  
1639.1786  2184.1738  2456.9316  2463.1045  2694.1099  2799.9749  2742.9475  2771.6038  2910.669  2957.5757  
1574.7566  1951.3008  2158.515  2297.32  2429.387  2635.1548  2848.7344  2760.471  2848.6511  2939.831  
1624.9844  2039.3868  2131.5024  2209.01  2312.939  2417.0562  2563.575  2583.2253  2566.1025  2614.8745  
1588.0393  2075.987  2393.3188  2611.5962  2735.2107  2748.0825  2811.822  2821.202  2781.0845  2935.5518  
1498.943  1913.7402  2155.9421  2311.6038  2334.9038  2508.7397  2712.1943  2730.8574  2739.6062  2726.2363  
1415.7677  2255.17  2545.9602  2623.7703  2532.124  2509.1826  2682.63  2659.128  2716.2576  2776.4895  
1658.895  2268.1106  2668.9463  2566.4067  2718.2114  2945.7815  2952.131  3098.8625  3140.2085  3280.1614  
1459.5874  2124.9446  2387.699  2434.9792  2405.124  2523.557  2634.7705  2665.1086  2737.9348  2814.7095  
1634.0437  2368.6636  2857.407  2699.5972  2449.5833  2471.4045  2609.9812  2554.0444  2558.5374  2614.6738  
1510.2291  1975.517  2085.5474  2243.139  2330.1782  2529.0007  2701.274  2764.2878  2708.594  2632.9497  
1502.467  1978.8549  2100.6929  2247.9722  2287.956  2443.905  2585.3325  2584.8503  2633.477  2679.347  
1555.7596  1922.489  2150.4988  2337.5884  2344.8335  2425.0835  2459.6028  2433.7075  2522.9167  2614.794  
1548.4585  1960.3982  2206.481  2401.9324  2464.9634  2534.196  2594.5498  2632.3284  2585.292  2640.0154  
1459.5636  1959.709  2345.8555  2418.051  2636.2554  2765.74  2675.484  2633.939  2635.6907  2757.7808  
1461.8878  2029.4962  2329.2231  2175.45  2275.8281  2343.2483  2379.9749  2432.705  2605.8252  2663.1082  
1513.0825  2086.228  2446.5188  2606.3704  2488.6733  2402.0176  2627.6758  2416.1023  2471.7666  2585.8442  
1461.1974  1792.371  1930.6998  2097.7188  2254.9172  2428.4392  2626.0205  2572.114  2664.424  2690.8555  
