829.586  979.6534  1169.5494  1221.9414  1252.0557  1619.4377  1613.4694  1739.0082  1749.4418  1815.4156  
871.4969  1073.5769  1350.0372  1615.6417  1626.0989  1811.901  1685.9136  1870.2148  2080.5657  1868.6078  
886.6502  1067.0244  1646.8535  1882.3326  1780.6024  2126.206  1925.0814  1877.4164  1924.3002  1806.0638  
881.0342  1034.0111  1197.0414  1280.5856  1369.032  1507.0228  1586.1532  1634.4967  1759.8248  1835.2062  
935.8987  1069.74  1317.8112  1514.7648  1773.248  1822.6528  1843.269  1932.1475  1937.3007  1916.5815  
899.8924  1114.9672  1545.6897  1907.247  1870.8516  2089.2698  1913.8383  1732.4718  1747.0192  1589.1229  
866.2697  1114.5695  1338.2947  1376.6886  1623.1299  1616.3762  1804.3824  1796.035  1852.2594  1945.4742  
734.3072  947.9481  1142.0287  1404.5057  1187.9368  1347.2544  1476.7705  1539.8497  1631.0901  1658.8691  
852.2018  1092.3491  1438.1707  1681.6573  1842.4242  1939.7083  1778.986  1564.6298  1650.749  1807.5166  
751.8648  955.4778  1137.1458  1274.2804  1373.84  1444.3296  1475.6886  1673.0485  1769.4404  1697.6166  
782.5443  989.5295  1302.2844  1411.4336  1504.2028  1857.6932  1751.1744  1557.008  1724.5328  1664.7401  
827.7014  1030.6505  1422.7488  1564.5789  1619.7323  1797.21  1813.6356  1871.4246  1932.0596  1707.2896  
959.1163  1095.9576  1434.2009  1609.0942  1755.0706  1996.424  2044.8344  1720.6635  1995.2136  1767.36  
714.7426  977.226  1059.0378  1099.7704  1312.3145  1477.289  1536.6927  1517.163  1482.4536  1711.7701  
894.7146  1058.5848  1431.4237  1528.895  1549.9205  1865.016  1689.0372  1949.5085  1983.8486  1620.2423  
980.4558  1285.5947  1361.7792  1579.494  1756.8798  1651.1888  1602.236  1713.6912  1791.4916  1710.7628  
759.1933  989.3812  1244.3152  1318.457  1528.9016  1491.6182  1594.1147  1812.4692  1870.9478  1797.1344  
843.2291  1045.6577  1322.9208  1478.3801  1397.3765  1776.0654  1526.0619  1568.79  1738.3337  1682.022  
781.8266  926.9277  1144.5842  1254.3833  1450.3154  1581.0242  1880.9799  1701.8732  1946.5052  2038.2126  
1049.3905  1087.6637  1443.8406  1452.4131  1533.8239  1628.7893  1643.7468  1689.3378  1924.4332  1801.5686  
844.5801  1042.8699  1208.3817  1388.5143  1420.0836  1702.6064  1840.424  1756.6688  1962.9056  1777.78  
765.5263  918.8317  1117.4148  1418.3201  1433.3188  1712.1622  1665.7448  1728.6832  1729.9233  1808.3104  
879.8246  1079.8274  1443.6053  1555.4695  1643.4415  1719.9534  1674.9109  1780.6356  1816.7592  1847.8228  
802.927  1031.2637  1176.4894  1349.7905  1551.8624  1745.76  1830.2164  1873.1852  2012.7836  1931.4346  
763.4584  999.2426  1223.7751  1350.5189  1361.9675  1499.1572  1628.6832  1901.3392  1896.5063  1863.4548  
812.8429  1082.4158  1184.9235  1359.0035  1385.061  1484.0912  1477.174  1585.5491  1847.8772  1571.9536  
772.3166  990.3951  1179.4437  1248.5249  1277.3844  1445.5896  1493.2366  1507.4801  1602.5254  1564.525  
791.4544  956.826  1054.7157  1166.5125  1270.4785  1422.8956  1485.8427  1671.6377  1840.8944  1772.0074  
933.978  1004.327  1299.5442  1312.1342  1569.318  1734.8562  1803.3654  1744.576  1933.2347  1893.3077  
827.159  1006.4125  1152.6908  1150.0236  1232.6152  1344.9264  1471.2395  1550.492  1700.2172  1676.5228  
