1217.6543  1368.8539  1610.3375  1723.5013  1869.0282  2022.463  2100.6777  2203.7588  2359.0442  2358.609  
1066.0245  1402.5227  1667.7472  1727.8604  1805.884  1965.8062  1976.9916  2081.321  2194.9675  2088.7166  
1164.1249  1261.2501  1408.0762  1577.6753  1646.9113  1725.8337  1853.3077  1939.0582  2085.2522  2229.805  
1124.0103  1271.7302  1541.1698  1786.622  1880.6902  1861.8304  2037.4382  2035.2922  2036.5107  2065.8167  
1110.6053  1365.4578  1689.5955  1720.6522  1782.3428  1897.2592  1862.6714  1918.0524  2004.312  2022.1558  
1134.505  1341.7325  1694.0323  1820.402  1815.1246  1982.4333  2056.9163  2030.9996  2045.1206  2086.0278  
1143.0493  1432.7522  1721.9261  1871.6154  1965.4492  2276.975  2286.3662  2227.7632  2356.6733  2382.0544  
1060.3735  1451.2733  1720.1218  1716.3556  1810.7625  1892.8602  2029.7778  2118.3687  2162.7693  2188.269  
1153.4688  1288.3583  1457.1674  1602.1036  1727.6895  1885.186  1959.1086  1970.389  2063.718  2088.0957  
1108.4911  1503.8167  1742.8982  1718.1125  1750.9728  1784.2668  1874.755  1974.5562  1960.311  2039.0446  
1193.891  1300.5045  1593.7102  1596.5121  1726.9292  2034.5846  2105.041  2121.1868  2232.204  2190.4802  
1237.4617  1490.0475  1666.4044  1675.9714  1717.6458  1938.3562  2112.6536  2283.79  2459.7925  2509.9275  
1207.6831  1505.8271  1606.2262  1691.289  1807.3418  1866.7946  1973.206  2114.2688  2128.935  2147.1885  
1208.9587  1509.9551  1533.3301  1660.9116  1762.2902  1925.7352  2091.5144  2149.8203  2152.9922  2062.6956  
1098.3048  1472.385  1639.8243  1675.8702  1924.5758  1868.072  1880.1334  2055.6045  2081.2705  2044.6  
1099.5901  1365.7616  1659.8629  1878.115  1975.4156  2088.0586  1979.5345  1969.9928  2011.7198  2019.3334  
1162.129  1285.5327  1449.857  1630.1892  1839.3394  1838.472  1942.3665  2023.2928  2062.8367  2113.1326  
1182.6714  1429.7014  1586.9489  1676.5392  1708.9874  1957.0444  2080.3403  2161.4695  2319.179  2317.7095  
1168.9595  1351.5938  1657.6401  1850.6024  1926.9512  1947.7708  1949.7704  2037.5107  2153.0322  2206.6765  
1084.523  1337.0732  1456.4323  1611.3229  1818.8267  1861.0076  1968.0269  2120.491  2174.68  2161.4724  
1115.6757  1489.6917  1869.6923  1761.6757  1782.8904  1826.0382  1930.269  2060.9849  2166.5493  2174.5732  
1215.4099  1324.0608  1597.4252  1704.9731  1764.5994  1851.4814  1848.3934  1957.751  1994.3628  1943.7744  
1190.9401  1337.4401  1425.0184  1592.9392  1870.2914  1851.6746  1909.6636  2025.2466  2078.6904  2185.6643  
1116.992  1338.8114  1587.4662  1693.3254  1771.1475  1903.5306  2062.627  2099.5686  2127.1763  2058.8865  
1259.9756  1457.2618  1650.9724  1852.576  1938.124  1845.8082  2003.0454  2010.5739  2089.1917  2153.4155  
1167.0929  1485.3424  1794.392  1808.6204  1840.7286  1905.9824  1889.6656  1943.4504  1966.4781  2059.8735  
1231.3038  1380.8188  1549.4937  1577.9362  1634.569  1796.0743  1946.6666  2036.2238  2247.586  2207.8499  
1060.914  1374.9563  1550.2885  1638.4044  1796.9893  2040.1053  2148.4739  2194.9402  2234.5664  2204.6648  
1135.3463  1436.494  1764.1823  1849.2156  1935.5652  2136.6436  2300.3088  2291.1096  2364.2126  2304.6384  
1143.4595  1347.3254  1577.5504  1721.4938  1763.6976  1925.5756  1891.8838  1929.298  2084.1213  2017.2275  
