1551.6027  1995.326  2334.9614  2395.397  2392.7676  2508.804  2533.257  2594.455  2730.5215  2672.638  
1628.4116  2027.623  2093.8281  2136.319  2198.7668  2342.4373  2627.6638  2596.816  2532.976  2657.1357  
1653.5743  2226.9316  2360.8462  2284.0833  2260.4453  2390.7507  2549.4937  2532.6  2685.8726  2669.2097  
1672.5334  2116.7485  2302.094  2547.3071  2614.9006  2646.402  2627.5405  2742.345  2824.102  2829.0579  
1590.9645  2086.5989  2211.1006  2330.147  2465.686  2717.7114  2974.5337  2977.0654  2974.0098  3080.9392  
1671.2339  2124.4758  2331.8389  2438.398  2511.705  2547.0125  2570.6658  2596.6472  2608.669  2599.2822  
1478.7979  1873.4373  2147.9175  2238.8635  2324.099  2339.8079  2487.7502  2539.3704  2584.3528  2679.2473  
1458.1981  2049.3298  2167.885  2256.559  2406.9214  2477.5654  2629.2817  2716.376  2671.4014  2695.2913  
1656.2173  2050.643  2244.1067  2344.4595  2459.8022  2483.142  2535.538  2616.3877  2573.85  2556.771  
1502.5188  1968.8116  2204.113  2431.9204  2722.7178  2903.4543  3547.2869  3199.8  3027.0825  3378.846  
1717.795  2333.3918  2467.9377  2602.1975  2558.1987  2552.101  2720.8455  2639.602  2702.394  2876.386  
1524.1989  2131.7842  2161.0503  2412.7913  2473.945  2495.3667  2688.1248  2572.7598  2611.138  2715.7637  
1458.4558  1865.0992  2098.2898  2241.0479  2390.23  2528.2668  2566.6562  2574.0664  2680.2712  2719.3755  
1601.6171  1934.839  2069.4277  2216.0803  2356.0647  2497.5479  2624.19  2625.2625  2602.4263  2643.033  
1481.961  2176.4312  2396.9885  2370.864  2397.023  2418.8105  2501.7295  2512.8188  2506.2917  2601.353  
1704.2614  2118.4868  2198.666  2255.4153  2316.8635  2458.3179  2506.8948  2523.1323  2730.4043  2748.3875  
1697.8076  2321.6172  2565.8987  2359.4504  2335.662  2478.3945  2399.5679  2423.627  2496.5151  2649.2224  
1496.2471  2118.763  2328.5386  2262.4956  2319.561  2565.763  2858.6614  2644.6465  2668.9438  2807.7393  
1496.5508  1946.2316  2121.8992  2282.938  2298.6597  2328.2856  2451.0566  2404.9468  2468.672  2499.6042  
1564.9694  2279.0576  2447.9834  2581.529  2645.7932  2578.0542  2606.336  2536.972  2517.9905  2478.4268  
1593.8801  2131.6514  2201.0574  2358.233  2486.3977  2556.5562  2575.009  2562.576  2671.496  2791.4531  
1668.3727  2146.5903  2126.1455  2304.738  2469.0378  2463.7375  2607.9014  2580.1838  2576.3728  2578.5425  
1547.1626  2177.6409  2520.706  2532.4219  2383.4675  2440.659  2556.0803  2652.128  2732.842  2706.3066  
1555.429  2027.2396  2214.4229  2345.9377  2595.8928  2767.893  2862.1245  2785.327  2792.5698  2883.5474  
1500.9717  1956.749  2220.675  2348.753  2390.5198  2565.0613  2633.5757  2685.765  2749.4153  2715.9177  
1454.8035  2161.834  2426.703  2457.618  2521.1729  2561.8955  2650.4492  2623.8389  2681.1191  2599.1924  
1553.508  1978.7397  2111.9502  2336.3572  2646.7644  2955.8584  3001.6091  2955.434  2885.272  2978.9397  
1520.3224  1987.3788  2281.23  2336.0173  2416.2034  2471.3564  2624.255  2584.9067  2626.8188  2647.4568  
2044.864  2379.3916  2317.2546  2522.7896  2757.7832  3084.7776  3558.054  3477.1836  3305.5945  3158.683  
1459.5221  2061.8674  2323.3718  2435.0117  2612.2598  2762.2131  2773.658  2850.124  2969.479  3052.3208  
1641.2355  2181.4434  2624.9028  2781.7073  2985.2776  2986.5981  2760.9531  2865.6394  2977.9111  2947.2734  
1770.211  2167.6226  2401.5552  2660.143  2711.0808  2835.961  3012.642  2898.019  2770.078  2788.1145  
1668.6138  2092.5479  2230.1638  2332.4395  2274.4824  2438.9185  2462.7593  2477.077  2633.2341  2772.5913  
1534.7601  2192.3372  2333.8748  2310.5923  2289.5251  2398.0024  2335.4775  2458.3625  2618.4424  2708.3967  
