930.1058  1282.26  1495.0614  1539.1606  1679.5066  1744.8011  1781.345  1842.7314  1844.8458  1821.6802  
783.8238  1188.4772  1313.853  1325.0712  1457.6525  1511.1702  1615.243  1702.0032  1735.7056  1776.2222  
855.6309  1234.3907  1502.9448  1402.9257  1578.3767  1704.6914  1748.2916  1821.7548  1821.4088  1824.0856  
864.7043  1256.944  1403.9215  1440.7244  1618.3785  1658.995  1716.9489  1749.8726  1844.9915  1867.926  
891.219  1266.6815  1480.414  1502.5338  1675.7999  1707.2236  1687.8866  1773.8596  1779.0413  1805.8687  
821.0702  1195.723  1321.4795  1279.6201  1443.6294  1543.2784  1618.464  1720.8278  1797.3756  1837.7155  
852.0444  1213.3682  1388.651  1500.6317  1713.183  1773.2974  1812.2258  1837.3156  1812.1766  1865.4338  
822.6917  1201.4607  1340.445  1358.0941  1566.6871  1643.8625  1712.5834  1779.455  1774.9517  1818.1462  
830.3149  1196.0204  1265.793  1332.5243  1536.1351  1590.0787  1651.5343  1736.4185  1766.2957  1771.1646  
801.8692  1197.176  1288.9855  1307.3601  1484.5182  1589.3562  1651.3964  1761.4628  1801.2155  1831.851  
823.3  1232.5735  1453.641  1624.754  1724.8168  1818.3282  1812.383  1810.9512  1837.227  1815.2316  
940.0073  1283.2266  1435.5034  1536.5104  1597.1927  1674.5945  1747.467  1820.0906  1869.1097  1850.6774  
1049.7832  1257.1013  1355.8213  1460.8934  1680.2906  1725.5664  1893.2078  1905.3414  1995.5608  1995.3844  
790.3526  1297.5306  1382.791  1484.0637  1566.0822  1642.2369  1670.4666  1757.3168  1789.4148  1827.0618  
881.8942  1191.1794  1378.6023  1452.7705  1638.1183  1715.9539  1766.1282  1830.0896  1850.9174  1844.8536  
856.3835  1281.694  1452.1782  1575.9442  1702.1241  1736.7299  1790.6425  1854.1224  1864.9702  1904.2142  
863.4472  1255.6667  1408.4052  1412.0234  1574.6888  1665.4491  1728.2397  1793.3812  1852.0175  1846.5176  
805.5728  1237.2517  1339.0802  1427.2279  1653.0226  1625.3594  1753.4556  1783.4294  1800.4207  1810.3516  
836.2126  1245.7091  1378.6835  1511.45  1663.5886  1685.2258  1717.1147  1853.4932  1804.4594  1822.7596  
1160.1381  1371.7024  1579.4305  1578.4232  1808.8365  1768.163  1843.355  1924.0072  1888.9384  1862.293  
904.5161  1295.0936  1464.9128  1619.4413  1690.4493  1771.1844  1844.032  1852.0018  1846.065  1823.5906  
842.1492  1234.7526  1373.4088  1444.8641  1653.3802  1631.7502  1709.3875  1773.544  1815.5695  1815.0658  
875.9818  1234.1663  1349.1113  1375.7166  1542.6852  1577.5796  1615.7076  1728.639  1773.0526  1785.9207  
872.7117  1209.1083  1294.3372  1261.5101  1415.3456  1464.7202  1566.3896  1650.6984  1703.7303  1780.5402  
824.4382  1218.9069  1361.7046  1395.7516  1544.9891  1646.549  1678.2017  1799.898  1782.9098  1829.8312  
818.6214  1255.7595  1373.4438  1377.8292  1602.3566  1689.2396  1768.7192  1818.4202  1831.5767  1857.0756  
888.5115  1217.9686  1464.1847  1553.7642  1743.8383  1863.3615  1845.9932  1852.956  1879.6644  1901.751  
876.0316  1301.9276  1472.9266  1522.9568  1697.1694  1801.914  1779.9182  1905.6796  2001.7784  1905.3424  
851.679  1234.1692  1401.015  1467.1993  1614.0258  1720.1788  1794.552  1782.091  1832.834  1846.2616  
850.2859  1263.0529  1456.5183  1496.4823  1619.7417  1644.627  1716.6624  1760.0931  1774.4852  1815.1178  
