1565.339  2077.7837  2294.412  2256.1604  2296.881  2539.4753  2770.8008  2682.3718  2623.2717  2730.2593  
1452.4607  1972.8782  2201.2505  2272.1973  2214.4348  2209.2642  2352.1855  2378.2366  2376.6626  2490.2505  
1522.9127  1982.2603  2209.8706  2256.2302  2433.1602  2592.7124  2743.152  2784.857  2768.132  2745.2556  
1520.061  2094.9963  2286.4426  2336.7478  2440.4854  2483.4612  2579.872  2502.628  2546.3225  2642.5093  
1451.2208  1945.0518  2245.2922  2142.5037  2153.0522  2317.6296  2410.368  2521.8164  2686.167  2714.3005  
1652.2506  1987.9799  2085.6519  2342.6091  2334.4033  2376.4548  2595.4395  2601.747  2672.5596  2798.7847  
1599.975  1997.5204  2135.7603  2211.3613  2407.4304  2586.6213  2653.8298  2525.4312  2632.0176  2595.7395  
1664.4535  2203.2793  2443.986  2317.2424  2502.3928  2632.4358  2646.144  2665.0981  2703.046  2532.12  
1452.2886  2032.3276  2204.3362  2249.2998  2327.598  2427.4875  2515.2976  2657.1055  2808.2056  2909.1392  
1518.2926  1915.514  2031.5594  2127.9824  2242.7256  2400.0066  2533.198  2667.8843  2780.6406  2935.2842  
1396.1349  1767.9174  1916.7438  2081.8862  2330.096  2532.4023  2655.4692  2819.8293  2817.0222  2793.948  
1570.9862  2178.3896  2493.2847  2413.8782  2418.5593  2544.863  2626.0977  2795.6377  2695.016  2577.0825  
1523.0396  2243.7778  2352.4543  2233.9475  2373.7148  2454.6228  2581.258  2539.64  2513.0208  2512.1077  
1481.9624  1982.2908  2223.0515  2225.3176  2519.856  2463.9211  2457.571  2615.646  2734.197  2892.1897  
1484.518  2272.2327  2444.952  2380.2673  2563.3896  2518.1125  2534.9424  2550.2747  2645.0066  2711.7473  
1568.3217  2106.4482  2256.4673  2170.6714  2317.814  2394.0803  2586.3225  2666.954  2771.4712  2823.9937  
1636.1486  2125.1675  2311.3079  2432.1238  2465.7485  2450.5122  2554.6685  2656.246  2701.361  2685.304  
1533.8184  2089.4563  2233.6765  2186.3445  2319.559  2458.3982  2545.7092  2566.2314  2646.2788  2687.618  
1461.4131  1914.4254  2100.9573  2193.9324  2262.2773  2370.1904  2461.6245  2510.4094  2556.9878  2613.455  
1682.6154  1935.3118  2191.7827  2402.0178  2527.8242  2598.4817  2575.708  2525.099  2627.8638  2687.5525  
1477.3878  1977.5577  2279.3115  2445.917  2534.9292  2667.763  2548.494  2471.1584  2468.7415  2589.7676  
1561.7639  2012.6718  2074.4058  2222.8264  2224.8032  2291.9248  2581.1301  2544.0232  2657.3523  2974.7507  
1556.6605  1992.3954  2278.2246  2320.319  2292.7488  2371.129  2505.3389  2419.485  2415.068  2546.7393  
1471.4904  1948.4766  2118.575  2351.264  2692.623  2683.025  2691.5605  2710.3088  2746.4314  2731.7544  
1606.8245  2243.1978  2439.3074  2395.7483  2601.813  2744.601  2693.018  2727.357  2691.3445  2644.238  
1599.9458  2030.6934  2016.0764  2087.1726  2139.3071  2236.4204  2367.109  2281.8826  2469.1357  2690.5652  
1465.3386  1986.9476  2203.1812  2347.0557  2420.7378  2649.6765  2740.9314  2664.9565  2736.5496  2709.9373  
1538.1206  1936.4852  2131.309  2160.256  2255.7476  2330.645  2385.5469  2413.1753  2466.406  2535.727  
1468.6625  2015.0148  2188.6  2312.5195  2469.4128  2622.0645  2728.6482  2669.563  2655.8171  2715.3228  
1643.9423  2431.2656  2473.2568  2403.888  2473.1433  2517.9614  2541.361  2691.9395  2883.453  2954.6802  
